,날짜,품명,지역,지명,관측지점명,일반유가,면세유가,면적,생산량,수입중량,SPI1,SPI3,EDI,도매가격
0,2013-01-01,가을,전남,해남군,해남군,1742.89,1131.7569690876594,1547.0,1593000.0,616840.0,1.96,0.97,2.11,12000.0
1,2013-01-02,가을,전남,해남군,해남군,1742.85,1131.7206054512956,1547.0,1593000.0,616840.0,1.97,0.97,2.02,12000.0
2,2013-01-03,겨울,전남,해남군,해남군,1741.97,1130.9206054512956,2842.0,348375.0,616840.0,1.85,0.97,1.93,12000.0
3,2013-01-04,겨울,전남,해남군,해남군,1741.97,1130.9206054512956,2842.0,348375.0,616840.0,1.83,1.04,1.9,12000.0
4,2013-01-05,겨울,전남,해남군,해남군,1741.93,1130.884241814932,2842.0,348375.0,616840.0,1.73,1.07,1.85,12000.0
5,2013-01-06,겨울,전남,해남군,해남군,1741.42,1130.4206054512958,2842.0,348375.0,616840.0,1.8,1.07,1.83,12000.0
6,2013-01-07,겨울,전남,해남군,해남군,1740.97,1130.0115145422048,2842.0,348375.0,616840.0,1.67,1.15,1.83,12000.0
7,2013-01-08,겨울,전남,해남군,해남군,1740.44,1129.5296963603869,2842.0,348375.0,616840.0,1.6,1.16,1.85,12000.0
8,2013-01-09,겨울,전남,해남군,해남군,1740.22,1129.3296963603866,2842.0,348375.0,616840.0,1.59,1.18,1.83,12000.0
9,2013-01-10,겨울,전남,해남군,해남군,1739.67,1128.8296963603866,2842.0,348375.0,616840.0,1.65,1.29,1.8,12000.0
10,2013-01-11,겨울,전남,해남군,해남군,1739.71,1128.8660599967502,2842.0,348375.0,616840.0,1.63,1.31,1.8,12000.0
11,2013-01-12,겨울,전남,해남군,해남군,1739.38,1128.5660599967505,2842.0,348375.0,616840.0,1.6,1.32,1.77,12000.0
12,2013-01-13,겨울,전남,해남군,해남군,1739.14,1128.3478781785684,2842.0,348375.0,616840.0,1.58,1.33,1.72,12000.0
13,2013-01-14,겨울,전남,해남군,해남군,1739.11,1128.3206054512957,2842.0,348375.0,616840.0,0.86,1.33,1.72,11000.0
14,2013-01-15,겨울,전남,해남군,해남군,1738.61,1127.8660599967502,2842.0,348375.0,616840.0,0.78,1.34,1.75,11000.0
15,2013-01-16,겨울,전남,해남군,해남군,1738.28,1127.5660599967505,2842.0,348375.0,616840.0,0.76,1.32,1.78,11000.0
16,2013-01-17,겨울,전남,해남군,해남군,1738.13,1127.4296963603867,2842.0,348375.0,616840.0,0.79,1.29,1.68,11000.0
17,2013-01-18,겨울,전남,해남군,해남군,1738.05,1127.3569690876593,2842.0,348375.0,616840.0,0.73,1.27,1.64,11000.0
18,2013-01-19,겨울,전남,해남군,해남군,1737.53,1126.884241814932,2842.0,348375.0,616840.0,0.74,1.27,1.65,11000.0
19,2013-01-20,겨울,전남,해남군,해남군,1737.22,1126.602423633114,2842.0,348375.0,616840.0,0.74,1.3,1.65,11000.0
20,2013-01-21,겨울,전남,해남군,해남군,1737.13,1126.5206054512958,2842.0,348375.0,616840.0,0.33,1.07,1.61,11000.0
21,2013-01-22,겨울,전남,해남군,해남군,1736.98,1126.384241814932,2842.0,348375.0,616840.0,0.94,1.23,1.93,11000.0
22,2013-01-23,겨울,전남,해남군,해남군,1736.06,1125.5478781785685,2842.0,348375.0,616840.0,0.82,1.25,1.82,11000.0
23,2013-01-24,겨울,전남,해남군,해남군,1736.01,1125.502423633114,2842.0,348375.0,616840.0,0.78,1.27,1.68,11000.0
24,2013-01-25,겨울,전남,해남군,해남군,1735.46,1125.002423633114,2842.0,348375.0,616840.0,0.76,1.25,1.66,11000.0
25,2013-01-26,겨울,전남,해남군,해남군,1735.38,1124.9296963603867,2842.0,348375.0,616840.0,0.79,0.76,1.67,11000.0
26,2013-01-27,겨울,전남,해남군,해남군,1734.96,1124.5478781785685,2842.0,348375.0,616840.0,0.79,0.75,1.63,11000.0
27,2013-01-28,겨울,전남,해남군,해남군,1735.34,1124.893332724023,2842.0,348375.0,616840.0,0.21,0.78,1.61,11000.0
28,2013-01-29,겨울,전남,해남군,해남군,1735.21,1124.7751509058412,2842.0,348375.0,616840.0,-0.14,0.76,1.6,11000.0
29,2013-01-30,겨울,전남,해남군,해남군,1734.46,1124.093332724023,2842.0,348375.0,616840.0,-0.52,0.76,1.62,11000.0
30,2013-01-31,겨울,전남,해남군,해남군,1734.29,1123.9387872694774,2842.0,348375.0,616840.0,-0.71,0.77,1.62,11000.0
31,2013-02-01,겨울,전남,해남군,해남군,1734.09,1123.7569690876594,2842.0,348375.0,278460.0,-0.58,0.8,1.69,11000.0
32,2013-02-02,겨울,전남,해남군,해남군,1734.6,1124.2206054512956,2842.0,348375.0,278460.0,0.63,1.13,2.37,11000.0
33,2013-02-03,겨울,전남,해남군,해남군,1734.12,1123.784241814932,2842.0,348375.0,278460.0,0.61,1.03,2.24,11000.0
34,2013-02-04,겨울,전남,해남군,해남군,1734.07,1123.7387872694776,2842.0,348375.0,278460.0,0.81,1.2,2.33,11000.0
35,2013-02-05,겨울,전남,해남군,해남군,1734.39,1124.0296963603869,2842.0,348375.0,278460.0,0.91,1.19,2.33,11000.0
36,2013-02-06,겨울,전남,해남군,해남군,1734.42,1124.0569690876594,2842.0,348375.0,278460.0,1.16,1.29,2.47,11000.0
37,2013-02-07,겨울,전남,해남군,해남군,1735.47,1125.0115145422048,2842.0,348375.0,278460.0,1.43,1.31,2.49,11000.0
38,2013-02-08,겨울,전남,해남군,해남군,1737.11,1126.5024236331135,2842.0,348375.0,278460.0,1.47,1.34,2.44,11000.0
39,2013-02-09,겨울,전남,해남군,해남군,1738.95,1128.1751509058413,2842.0,348375.0,278460.0,1.34,1.23,2.28,11000.0
40,2013-02-10,겨울,전남,해남군,해남군,1739.49,1128.6660599967504,2842.0,348375.0,278460.0,1.28,1.22,2.27,11000.0
41,2013-02-11,겨울,전남,해남군,해남군,1739.9,1129.0387872694776,2842.0,348375.0,278460.0,1.2,1.24,2.15,11000.0
42,2013-02-12,겨울,전남,해남군,해남군,1740.02,1129.1478781785684,2842.0,348375.0,278460.0,1.07,1.18,1.99,11000.0
43,2013-02-13,겨울,전남,해남군,해남군,1741.62,1130.602423633114,2842.0,348375.0,278460.0,1.06,1.14,1.99,11000.0
44,2013-02-14,겨울,전남,해남군,해남군,1744.81,1133.5024236331135,2842.0,348375.0,278460.0,1.03,1.11,1.98,12000.0
45,2013-02-15,겨울,전남,해남군,해남군,1747.03,1135.5206054512958,2842.0,348375.0,278460.0,0.96,1.0,1.95,12000.0
46,2013-02-16,겨울,전남,해남군,해남군,1750.71,1138.8660599967502,2842.0,348375.0,278460.0,0.89,0.84,1.91,12000.0
47,2013-02-17,겨울,전남,해남군,해남군,1751.71,1139.7751509058412,2842.0,348375.0,278460.0,0.84,0.9,1.84,12000.0
48,2013-02-18,겨울,전남,해남군,해남군,1753.68,1141.5660599967505,2842.0,348375.0,278460.0,1.13,1.09,2.06,12000.0
49,2013-02-19,겨울,전남,해남군,해남군,1756.28,1143.9296963603863,2842.0,348375.0,278460.0,1.11,1.08,1.92,12000.0
50,2013-02-20,겨울,전남,해남군,해남군,1759.36,1146.7296963603865,2842.0,348375.0,278460.0,1.12,1.1,1.87,12000.0
51,2013-02-21,겨울,전남,해남군,해남군,1763.28,1150.293332724023,2842.0,348375.0,278460.0,0.72,1.13,1.88,12000.0
52,2013-02-22,겨울,전남,해남군,해남군,1765.88,1152.6569690876595,2842.0,348375.0,278460.0,0.69,1.1,1.84,12000.0
53,2013-02-23,겨울,전남,해남군,해남군,1769.42,1155.875150905841,2842.0,348375.0,278460.0,0.56,1.09,1.69,12000.0
54,2013-02-24,겨울,전남,해남군,해남군,1771.61,1157.8660599967502,2842.0,348375.0,278460.0,0.53,1.1,1.54,12000.0
55,2013-02-25,겨울,전남,해남군,해남군,1773.36,1159.4569690876592,2842.0,348375.0,278460.0,0.52,1.01,1.54,12000.0
56,2013-02-26,겨울,전남,해남군,해남군,1775.77,1161.6478781785684,2842.0,348375.0,278460.0,0.5,0.94,1.43,12000.0
57,2013-02-27,겨울,전남,해남군,해남군,1777.47,1163.193332724023,2842.0,348375.0,278460.0,0.53,0.96,1.41,12000.0
58,2013-02-28,겨울,전남,해남군,해남군,1778.66,1164.2751509058412,2842.0,348375.0,278460.0,0.49,0.96,1.34,12000.0
59,2013-03-01,겨울,전남,해남군,해남군,1778.91,1164.502423633114,2842.0,348375.0,234520.0,0.5,0.93,1.35,12000.0
60,2013-03-02,겨울,전남,해남군,해남군,1779.61,1165.1387872694777,2842.0,348375.0,234520.0,0.71,1.07,1.62,12000.0
61,2013-03-03,겨울,전남,해남군,해남군,1779.87,1165.375150905841,2842.0,348375.0,234520.0,0.64,1.04,1.55,12000.0
62,2013-03-04,겨울,전남,해남군,해남군,1781.84,1167.1660599967502,2842.0,348375.0,234520.0,0.02,1.01,1.49,12000.0
63,2013-03-05,겨울,전남,해남군,해남군,1781.97,1167.284241814932,2842.0,348375.0,234520.0,-0.03,0.96,1.23,12000.0
64,2013-03-06,겨울,전남,해남군,해남군,1782.65,1167.902423633114,2842.0,348375.0,234520.0,-0.28,0.83,1.26,12000.0
65,2013-03-07,겨울,전남,해남군,해남군,1782.89,1168.120605451296,2842.0,348375.0,234520.0,-0.38,0.83,1.14,12000.0
66,2013-03-08,겨울,전남,해남군,해남군,1783.34,1168.5296963603864,2842.0,348375.0,234520.0,-0.71,0.73,1.12,12000.0
67,2013-03-09,겨울,전남,해남군,해남군,1782.64,1167.8933327240231,2842.0,348375.0,234520.0,-0.85,0.66,1.1,12000.0
68,2013-03-10,겨울,전남,해남군,해남군,1782.84,1168.0751509058412,2842.0,348375.0,234520.0,-0.91,0.63,1.11,12000.0
69,2013-03-11,겨울,전남,해남군,해남군,1782.72,1167.9660599967503,2842.0,348375.0,234520.0,-0.98,0.61,1.07,12000.0
70,2013-03-12,겨울,전남,해남군,해남군,1782.37,1167.6478781785684,2842.0,348375.0,234520.0,-1.03,0.62,1.02,12000.0
71,2013-03-13,겨울,전남,해남군,해남군,1782.23,1167.5206054512958,2842.0,348375.0,234520.0,-1.07,0.63,1.05,12000.0
72,2013-03-14,겨울,전남,해남군,해남군,1781.52,1166.875150905841,2842.0,348375.0,234520.0,-0.49,0.89,1.57,12000.0
73,2013-03-15,겨울,전남,해남군,해남군,1780.64,1166.0751509058414,2842.0,348375.0,234520.0,-0.54,0.52,1.44,12000.0
74,2013-03-16,겨울,전남,해남군,해남군,1779.44,1164.984241814932,2842.0,348375.0,234520.0,-0.61,0.47,1.23,12000.0
75,2013-03-17,겨울,전남,해남군,해남군,1778.67,1164.284241814932,2842.0,348375.0,234520.0,-0.7,0.4,1.19,12000.0
76,2013-03-18,겨울,전남,해남군,해남군,1777.8,1163.4933327240228,2842.0,348375.0,234520.0,1.14,1.32,3.51,12000.0
77,2013-03-19,겨울,전남,해남군,해남군,1776.74,1162.5296963603869,2842.0,348375.0,234520.0,1.43,1.47,3.22,12000.0
78,2013-03-20,겨울,전남,해남군,해남군,1775.84,1161.711514542205,2842.0,348375.0,234520.0,1.14,1.46,2.79,12000.0
79,2013-03-21,겨울,전남,해남군,해남군,1775.31,1161.2296963603867,2842.0,348375.0,234520.0,1.13,1.46,2.81,12000.0
80,2013-03-22,겨울,전남,해남군,해남군,1774.29,1160.302423633114,2842.0,348375.0,234520.0,1.1,1.31,2.88,12000.0
81,2013-03-23,겨울,전남,해남군,해남군,1773.32,1159.4206054512956,2842.0,348375.0,234520.0,1.07,1.29,2.69,12000.0
82,2013-03-24,겨울,전남,해남군,해남군,1772.25,1158.4478781785683,2842.0,348375.0,234520.0,1.01,1.21,2.46,12000.0
83,2013-03-25,겨울,전남,해남군,해남군,1771.88,1158.111514542205,2842.0,348375.0,234520.0,0.98,1.11,2.13,12000.0
84,2013-03-26,겨울,전남,해남군,해남군,1770.52,1156.875150905841,2842.0,348375.0,234520.0,0.96,1.08,2.05,12000.0
85,2013-03-27,겨울,전남,해남군,해남군,1768.63,1155.1569690876595,2842.0,348375.0,234520.0,0.93,1.05,1.98,12000.0
86,2013-03-28,겨울,전남,해남군,해남군,1766.63,1153.3387872694775,2842.0,348375.0,234520.0,0.99,1.04,1.89,12000.0
87,2013-03-29,겨울,전남,해남군,해남군,1765.07,1151.9206054512956,2842.0,348375.0,234520.0,1.01,0.84,1.87,12000.0
88,2013-03-30,겨울,전남,해남군,해남군,1763.99,1150.9387872694774,2842.0,348375.0,234520.0,1.0,0.72,1.89,12000.0
89,2013-03-31,겨울,전남,해남군,해남군,1763.43,1150.4296963603867,2842.0,348375.0,234520.0,0.93,0.57,1.8,12000.0
90,2013-04-01,겨울,전남,해남군,해남군,1760.58,1147.8387872694775,2842.0,348375.0,31150.0,0.71,0.56,1.75,12000.0
91,2013-04-02,겨울,전남,해남군,해남군,1759.53,1146.884241814932,2842.0,348375.0,31150.0,0.67,0.52,1.41,12000.0
92,2013-04-03,겨울,전남,해남군,해남군,1758.06,1145.5478781785685,2842.0,348375.0,31150.0,0.62,0.47,1.28,12000.0
93,2013-04-04,겨울,전남,해남군,해남군,1755.93,1143.611514542205,2842.0,348375.0,31150.0,0.69,0.45,1.26,12000.0
94,2013-04-05,겨울,전남,해남군,해남군,1754.9,1142.6751509058413,2842.0,348375.0,31150.0,0.72,0.44,1.28,12000.0
95,2013-04-06,겨울,전남,해남군,해남군,1753.89,1141.7569690876594,2842.0,348375.0,31150.0,0.77,0.48,1.45,12000.0
96,2013-04-07,겨울,전남,해남군,해남군,1753.41,1141.3206054512957,2842.0,348375.0,31150.0,1.2,0.85,2.61,12000.0
97,2013-04-08,겨울,전남,해남군,해남군,1752.91,1140.8660599967502,2842.0,348375.0,31150.0,1.17,0.77,2.32,12000.0
98,2013-04-09,겨울,전남,해남군,해남군,1751.68,1139.7478781785685,2842.0,348375.0,31150.0,1.19,0.78,2.26,12000.0
99,2013-04-10,겨울,전남,해남군,해남군,1750.41,1138.5933327240232,2842.0,348375.0,31150.0,1.16,0.73,1.82,12000.0
100,2013-04-11,겨울,전남,해남군,해남군,1749.64,1137.8933327240231,2842.0,348375.0,31150.0,1.12,0.69,1.73,12000.0
101,2013-04-12,겨울,전남,해남군,해남군,1748.93,1137.2478781785685,2842.0,348375.0,31150.0,1.07,0.66,1.54,12000.0
102,2013-04-13,겨울,전남,해남군,해남군,1748.0,1136.4024236331138,2842.0,348375.0,31150.0,0.74,0.63,1.17,12000.0
103,2013-04-14,겨울,전남,해남군,해남군,1747.38,1135.8387872694775,2842.0,348375.0,31150.0,0.73,0.57,1.24,12000.0
104,2013-04-15,겨울,전남,해남군,해남군,1746.78,1135.293332724023,2842.0,348375.0,31150.0,0.76,0.57,1.28,11000.0
105,2013-04-16,겨울,전남,해남군,해남군,1745.13,1133.793332724023,2842.0,348375.0,31150.0,0.81,0.56,1.27,11000.0
106,2013-04-17,겨울,전남,해남군,해남군,1742.71,1131.593332724023,2842.0,348375.0,31150.0,-0.55,0.54,1.28,11000.0
107,2013-04-18,겨울,전남,해남군,해남군,1740.36,1129.4569690876592,2842.0,348375.0,31150.0,-0.92,0.51,1.18,11000.0
108,2013-04-19,봄,충남,예산군,서산시,1756.97,1156.1155443171665,120.0,383696.0,31150.0,-1.06,0.96,1.72,9000.0
109,2013-04-20,봄,충남,예산군,서산시,1755.06,1154.3791806808026,120.0,383696.0,31150.0,-1.11,0.93,1.53,9000.0
110,2013-04-21,봄,충남,예산군,서산시,1753.83,1153.260998862621,120.0,383696.0,31150.0,-0.65,1.15,2.36,9000.0
111,2013-04-22,봄,충남,예산군,서산시,1751.92,1151.5246352262573,120.0,383696.0,31150.0,-0.73,0.59,2.28,9000.0
112,2013-04-23,봄,충남,예산군,서산시,1748.37,1148.2973624989845,120.0,383696.0,31150.0,-0.82,0.55,2.23,9000.0
113,2013-04-24,봄,충남,예산군,서산시,1744.56,1144.833726135348,120.0,383696.0,31150.0,-0.5,0.64,2.29,9000.0
114,2013-04-25,봄,충남,예산군,서산시,1741.34,1141.906453408075,120.0,383696.0,31150.0,-0.4,0.61,2.38,9000.0
115,2013-04-26,봄,충남,예산군,서산시,1738.51,1139.333726135348,120.0,383696.0,31150.0,-0.3,0.64,2.3,9000.0
116,2013-04-27,봄,충남,예산군,서산시,1736.23,1137.260998862621,120.0,383696.0,31150.0,-0.42,0.58,1.98,9000.0
117,2013-04-28,봄,충남,예산군,서산시,1735.15,1136.2791806808027,120.0,383696.0,31150.0,-0.4,0.57,2.04,9000.0
118,2013-04-29,봄,충남,예산군,서산시,1733.92,1135.160998862621,120.0,383696.0,31150.0,-0.48,0.51,1.67,9000.0
119,2013-04-30,봄,충남,예산군,서산시,1732.24,1133.633726135348,120.0,383696.0,31150.0,-0.26,0.65,1.91,9000.0
120,2013-05-01,봄,충남,예산군,서산시,1728.12,1129.8882715898935,120.0,383696.0,24000.0,-0.3,0.56,1.62,9000.0
121,2013-05-02,봄,충남,예산군,서산시,1726.71,1128.6064534080754,120.0,383696.0,24000.0,-0.29,0.51,1.54,8500.0
122,2013-05-03,봄,충남,예산군,서산시,1724.51,1126.6064534080754,120.0,383696.0,24000.0,-0.28,-0.27,1.42,8500.0
123,2013-05-04,봄,충남,예산군,서산시,1723.33,1125.533726135348,120.0,383696.0,24000.0,-0.31,-0.34,1.01,8500.0
124,2013-05-05,봄,충남,예산군,서산시,1722.19,1124.4973624989846,120.0,383696.0,24000.0,-0.32,-0.43,1.08,8500.0
125,2013-05-06,봄,충남,예산군,서산시,1721.41,1123.7882715898936,120.0,383696.0,24000.0,-0.32,-0.53,1.04,8000.0
126,2013-05-07,봄,충남,예산군,서산시,1719.82,1122.342817044439,120.0,383696.0,24000.0,-0.73,-0.73,0.7,8000.0
127,2013-05-08,봄,충남,예산군,서산시,1718.57,1121.2064534080753,120.0,383696.0,24000.0,-0.86,-0.76,0.41,7500.0
128,2013-05-09,봄,충남,예산군,서산시,1717.49,1120.2246352262573,120.0,383696.0,24000.0,-0.96,-0.77,0.48,7500.0
129,2013-05-10,봄,충남,예산군,서산시,1716.91,1119.6973624989846,120.0,383696.0,24000.0,-0.64,-0.65,0.73,7500.0
130,2013-05-11,봄,충남,예산군,서산시,1715.85,1118.733726135348,120.0,383696.0,24000.0,-0.37,-0.5,1.01,7500.0
131,2013-05-12,봄,충남,예산군,서산시,1715.41,1118.333726135348,120.0,383696.0,24000.0,-0.49,-0.56,0.94,7500.0
132,2013-05-13,봄,충남,예산군,서산시,1714.66,1117.65190795353,120.0,383696.0,24000.0,-0.46,-0.6,0.67,8000.0
133,2013-05-14,봄,충남,예산군,서산시,1713.97,1117.0246352262573,120.0,383696.0,24000.0,-0.54,-0.69,0.39,8000.0
134,2013-05-15,봄,충남,예산군,서산시,1713.02,1116.1609988626208,120.0,383696.0,24000.0,-0.59,-0.67,0.43,8000.0
135,2013-05-16,봄,충남,예산군,서산시,1712.34,1115.5428170444388,120.0,383696.0,24000.0,-0.6,-0.68,0.41,7500.0
136,2013-05-17,봄,충남,예산군,서산시,1711.91,1115.15190795353,120.0,383696.0,24000.0,-0.69,-0.71,0.33,7500.0
137,2013-05-18,봄,충남,예산군,서산시,1711.93,1115.170089771712,120.0,383696.0,24000.0,-0.7,-0.7,0.3,7500.0
138,2013-05-19,봄,충남,예산군,서산시,1711.33,1114.6246352262572,120.0,383696.0,24000.0,-0.56,-0.63,0.39,7500.0
139,2013-05-20,봄,충남,예산군,서산시,1711.17,1114.4791806808028,120.0,383696.0,24000.0,-0.11,-0.34,1.01,7500.0
140,2013-05-21,봄,충남,예산군,서산시,1710.43,1113.8064534080754,120.0,383696.0,24000.0,-0.36,-0.36,0.94,7000.0
141,2013-05-22,봄,충남,예산군,서산시,1710.54,1113.906453408075,120.0,383696.0,24000.0,-0.32,-0.37,0.89,6000.0
142,2013-05-23,봄,충남,예산군,서산시,1710.36,1113.7428170444389,120.0,383696.0,24000.0,-0.3,-0.39,0.75,6000.0
143,2013-05-24,봄,충남,예산군,서산시,1710.65,1114.0064534080757,120.0,383696.0,24000.0,-0.38,-0.38,0.69,5500.0
144,2013-05-25,봄,충남,예산군,서산시,1709.91,1113.333726135348,120.0,383696.0,24000.0,-0.42,-0.42,0.58,5500.0
145,2013-05-26,봄,충남,예산군,서산시,1709.81,1113.2428170444389,120.0,383696.0,24000.0,-0.59,-0.49,0.37,5500.0
146,2013-05-27,봄,충남,예산군,서산시,1709.36,1112.833726135348,120.0,383696.0,24000.0,-0.57,-0.51,0.21,5500.0
147,2013-05-28,봄,충남,예산군,서산시,1709.81,1113.2428170444389,120.0,383696.0,24000.0,0.44,0.16,1.73,5500.0
148,2013-05-29,봄,충남,예산군,서산시,1709.29,1112.7700897717118,120.0,383696.0,24000.0,0.53,0.19,1.63,6000.0
149,2013-05-30,봄,충남,예산군,서산시,1709.31,1112.7882715898936,120.0,383696.0,24000.0,0.38,0.21,1.56,5500.0
150,2013-05-31,봄,충남,예산군,서산시,1709.31,1112.7882715898936,120.0,383696.0,24000.0,0.42,0.11,1.48,5500.0
151,2013-06-01,봄,충남,예산군,서산시,1708.76,1112.2882715898936,120.0,383696.0,0.0,0.44,0.11,1.39,5500.0
152,2013-06-02,봄,충남,예산군,서산시,1708.51,1112.0609988626209,120.0,383696.0,0.0,0.38,0.05,1.32,5500.0
153,2013-06-03,봄,충남,예산군,서산시,1708.53,1112.079180680803,120.0,383696.0,0.0,0.36,0.03,1.03,5500.0
154,2013-06-04,봄,충남,예산군,서산시,1708.59,1112.133726135348,120.0,383696.0,0.0,0.32,0.03,1.06,5000.0
155,2013-06-05,봄,충남,예산군,서산시,1708.7,1112.2337261353482,120.0,383696.0,0.0,0.28,0.01,1.09,5000.0
156,2013-06-06,봄,충남,예산군,서산시,1708.17,1111.75190795353,120.0,383696.0,0.0,0.36,-0.02,0.94,5000.0
157,2013-06-07,봄,충남,예산군,서산시,1707.84,1111.4519079535298,120.0,383696.0,0.0,0.48,-0.02,0.99,5000.0
158,2013-06-08,봄,충남,예산군,서산시,1707.93,1111.5337261353482,120.0,383696.0,0.0,0.46,-0.04,0.91,5000.0
159,2013-06-09,봄,충남,예산군,서산시,1707.49,1111.133726135348,120.0,383696.0,0.0,0.26,-0.1,0.59,5000.0
160,2013-06-10,봄,충남,예산군,서산시,1707.6,1111.233726135348,120.0,383696.0,0.0,0.12,-0.08,0.61,5000.0
161,2013-06-11,봄,충남,예산군,서산시,1707.42,1111.0700897717118,120.0,383696.0,0.0,0.1,-0.25,0.39,5000.0
162,2013-06-12,봄,충남,예산군,서산시,1707.41,1111.0609988626209,120.0,383696.0,0.0,0.27,-0.42,0.48,5000.0
163,2013-06-13,봄,충남,예산군,서산시,1707.96,1111.5609988626209,120.0,383696.0,0.0,0.54,-0.34,0.69,5500.0
164,2013-06-14,봄,충남,예산군,서산시,1708.44,1111.9973624989846,120.0,383696.0,0.0,0.61,-0.35,0.61,5500.0
165,2013-06-15,봄,충남,예산군,서산시,1708.54,1112.0882715898936,120.0,383696.0,0.0,0.6,-0.36,0.38,5500.0
166,2013-06-16,봄,충남,예산군,서산시,1708.51,1112.0609988626209,120.0,383696.0,0.0,0.65,-0.51,0.38,5500.0
167,2013-06-17,봄,충남,예산군,서산시,1708.34,1111.906453408075,120.0,383696.0,0.0,0.62,-0.55,0.31,5500.0
168,2013-06-18,봄,충남,예산군,서산시,1708.51,1112.0609988626209,120.0,383696.0,0.0,0.72,-0.44,0.64,5500.0
169,2013-06-19,봄,충남,예산군,서산시,1709.3,1112.7791806808027,120.0,383696.0,0.0,1.3,0.25,2.63,6000.0
170,2013-06-20,봄,충남,예산군,서산시,1709.24,1112.7246352262573,120.0,383696.0,0.0,1.1,0.2,1.37,6000.0
171,2013-06-21,봄,충남,예산군,서산시,1709.48,1112.942817044439,120.0,383696.0,0.0,1.02,0.15,1.17,6000.0
172,2013-06-22,봄,충남,예산군,서산시,1710.26,1113.65190795353,120.0,383696.0,0.0,1.03,0.15,1.01,6000.0
173,2013-06-23,봄,충남,예산군,서산시,1710.3,1113.6882715898937,120.0,383696.0,0.0,1.03,0.18,1.02,6000.0
174,2013-06-24,봄,충남,예산군,서산시,1710.86,1114.1973624989844,120.0,383696.0,0.0,0.99,0.15,0.78,5000.0
175,2013-06-25,봄,충남,예산군,서산시,1712.12,1115.342817044439,120.0,383696.0,0.0,0.94,0.1,0.64,5000.0
176,2013-06-26,봄,충남,예산군,서산시,1712.81,1115.9700897717116,120.0,383696.0,0.0,0.77,0.08,0.35,5000.0
177,2013-06-27,봄,충남,예산군,서산시,1713.84,1116.906453408075,120.0,383696.0,0.0,0.2,0.05,0.34,5000.0
178,2013-06-28,봄,충남,예산군,서산시,1714.35,1117.3700897717115,120.0,383696.0,0.0,0.05,0.01,0.2,5000.0
179,2013-06-29,봄,충남,예산군,서산시,1714.99,1117.9519079535298,120.0,383696.0,0.0,0.0,-0.03,0.19,5000.0
180,2013-06-30,봄,충남,예산군,서산시,1715.08,1118.033726135348,120.0,383696.0,0.0,-0.07,-0.07,0.07,5000.0
181,2013-07-01,봄,충남,예산군,서산시,1715.94,1118.8155443171663,120.0,383696.0,0.0,-0.19,-0.14,-0.05,5000.0
182,2013-07-02,봄,충남,예산군,서산시,1716.92,1119.7064534080755,120.0,383696.0,0.0,-0.27,-0.22,-0.21,5000.0
183,2013-07-03,봄,충남,예산군,서산시,1717.74,1120.4519079535298,120.0,383696.0,0.0,-0.23,-0.22,-0.2,5000.0
184,2013-07-04,봄,충남,예산군,서산시,1718.7,1121.3246352262572,120.0,383696.0,0.0,-0.3,-0.29,-0.3,5000.0
185,2013-07-05,봄,충남,예산군,서산시,1720.19,1122.6791806808028,120.0,383696.0,0.0,-0.32,-0.36,-0.38,5000.0
186,2013-07-06,봄,충남,예산군,서산시,1721.24,1123.633726135348,120.0,383696.0,0.0,-0.33,-0.45,-0.36,5000.0
187,2013-07-07,봄,충남,예산군,서산시,1721.55,1123.9155443171662,120.0,383696.0,0.0,-0.39,-0.53,-0.39,5000.0
188,2013-07-08,봄,충남,예산군,서산시,1722.02,1124.342817044439,120.0,383696.0,0.0,-0.37,-0.55,-0.4,5000.0
189,2013-07-09,봄,충남,예산군,서산시,1723.2,1125.4155443171662,120.0,383696.0,0.0,-0.16,-0.33,-0.08,5000.0
190,2013-07-10,봄,충남,예산군,서산시,1724.16,1126.2882715898936,120.0,383696.0,0.0,-0.23,-0.36,-0.2,5000.0
191,2013-07-11,봄,충남,예산군,서산시,1725.36,1127.3791806808026,120.0,383696.0,0.0,-0.21,-0.39,-0.29,5000.0
192,2013-07-12,봄,충남,예산군,서산시,1726.87,1128.7519079535298,120.0,383696.0,0.0,-0.32,-0.46,-0.46,5000.0
193,2013-07-13,봄,충남,예산군,서산시,1728.03,1129.8064534080754,120.0,383696.0,0.0,-0.47,-0.54,-0.58,5000.0
194,2013-07-14,봄,충남,예산군,서산시,1728.36,1130.1064534080751,120.0,383696.0,0.0,-0.53,-0.59,-0.64,5000.0
195,2013-07-15,봄,충남,예산군,서산시,1729.11,1130.7882715898934,120.0,383696.0,0.0,-0.27,-0.35,-0.26,5000.0
196,2013-07-16,봄,충남,예산군,서산시,1730.69,1132.2246352262573,120.0,383696.0,0.0,-0.35,-0.41,-0.39,5500.0
197,2013-07-17,봄,충남,예산군,서산시,1731.86,1133.2882715898934,120.0,383696.0,0.0,-0.49,-0.53,-0.62,5500.0
198,2013-07-18,봄,충남,예산군,서산시,1733.38,1134.670089771712,120.0,383696.0,0.0,-0.19,-0.15,0.02,6000.0
199,2013-07-19,봄,충남,예산군,서산시,1734.16,1135.3791806808026,120.0,383696.0,0.0,-0.71,-0.14,-0.11,6000.0
200,2013-07-20,봄,충남,예산군,서산시,1735.66,1136.742817044439,120.0,383696.0,0.0,-0.89,-0.35,-0.33,6000.0
201,2013-07-21,봄,충남,예산군,서산시,1736.08,1137.1246352262572,120.0,383696.0,0.0,-0.89,-0.34,-0.36,6000.0
202,2013-07-22,봄,충남,예산군,서산시,1737.69,1138.5882715898936,120.0,383696.0,0.0,-0.92,-0.36,-0.41,6000.0
203,2013-07-23,봄,충남,예산군,서산시,1739.5,1140.2337261353482,120.0,383696.0,0.0,-0.95,-0.43,-0.48,7000.0
204,2013-07-24,봄,충남,예산군,서산시,1740.48,1141.1246352262572,120.0,383696.0,0.0,-0.79,-0.31,-0.24,7000.0
205,2013-07-25,봄,충남,예산군,서산시,1741.22,1141.7973624989845,120.0,383696.0,0.0,-0.67,-0.28,-0.2,7000.0
206,2013-07-26,봄,충남,예산군,서산시,1742.37,1142.842817044439,120.0,383696.0,0.0,-0.7,-0.26,-0.25,7500.0
207,2013-07-27,봄,충남,예산군,서산시,1743.06,1143.4700897717116,120.0,383696.0,0.0,-0.65,-0.28,-0.31,7500.0
208,2013-07-28,봄,충남,예산군,서산시,1743.11,1143.515544317166,120.0,383696.0,0.0,-0.63,-0.3,-0.42,7500.0
209,2013-07-29,봄,충남,예산군,서산시,1743.04,1143.4519079535298,120.0,383696.0,0.0,-0.55,-0.35,-0.38,8000.0
210,2013-07-30,여름,강원,정선군,평창군,1751.46,1147.0056170281907,1060.0,200895.0,0.0,0.53,0.02,-0.39,8500.0
211,2013-07-31,여름,강원,정선군,평창군,1752.01,1147.5056170281907,1060.0,200895.0,0.0,0.55,-0.01,-0.42,8500.0
212,2013-08-01,여름,강원,정선군,평창군,1752.21,1147.687435210009,1060.0,200895.0,0.0,0.68,0.05,-0.31,9000.0
213,2013-08-02,여름,강원,정선군,평창군,1751.96,1147.4601624827362,1060.0,200895.0,0.0,0.67,0.01,-0.41,9000.0
214,2013-08-03,여름,강원,정선군,평창군,1752.69,1148.123798846373,1060.0,200895.0,0.0,0.67,-0.04,-0.48,9000.0
215,2013-08-04,여름,강원,정선군,평창군,1752.82,1148.2419806645544,1060.0,200895.0,0.0,0.65,-0.08,-0.53,9000.0
216,2013-08-05,여름,강원,정선군,평창군,1752.91,1148.3237988463725,1060.0,200895.0,0.0,0.65,-0.09,-0.56,10000.0
217,2013-08-06,여름,강원,정선군,평창군,1753.06,1148.460162482736,1060.0,200895.0,0.0,0.66,-0.05,-0.57,10000.0
218,2013-08-07,여름,강원,정선군,평창군,1752.47,1147.9237988463726,1060.0,200895.0,0.0,0.68,-0.07,-0.61,10000.0
219,2013-08-08,여름,강원,정선군,평창군,1752.61,1148.0510715736452,1060.0,200895.0,0.0,0.61,-0.09,-0.66,11000.0
220,2013-08-09,여름,강원,정선군,평창군,1752.53,1147.978344300918,1060.0,200895.0,0.0,0.62,-0.11,-0.69,11000.0
221,2013-08-10,여름,강원,정선군,평창군,1752.63,1148.0692533918273,1060.0,200895.0,0.0,0.62,-0.1,-0.67,11000.0
222,2013-08-11,여름,강원,정선군,평창군,1752.6,1148.0419806645543,1060.0,200895.0,0.0,0.57,-0.06,-0.62,11000.0
223,2013-08-12,여름,강원,정선군,평창군,1752.56,1148.0056170281907,1060.0,200895.0,0.0,0.58,-0.04,-0.68,11000.0
224,2013-08-13,여름,강원,정선군,평창군,1752.61,1148.0510715736452,1060.0,200895.0,0.0,0.48,-0.05,-0.71,11000.0
225,2013-08-14,여름,강원,정선군,평창군,1752.69,1148.123798846373,1060.0,200895.0,0.0,0.21,-0.08,-0.74,11000.0
226,2013-08-15,여름,강원,정선군,평창군,1752.24,1147.7147079372817,1060.0,200895.0,0.0,-0.59,-0.1,-0.77,11000.0
227,2013-08-16,여름,강원,정선군,평창군,1752.41,1147.8692533918272,1060.0,200895.0,0.0,-0.55,-0.13,-0.82,11000.0
228,2013-08-17,여름,강원,정선군,평창군,1752.55,1147.9965261190998,1060.0,200895.0,0.0,-0.65,-0.17,-0.85,11000.0
229,2013-08-18,여름,강원,정선군,평창군,1752.6,1148.0419806645543,1060.0,200895.0,0.0,-1.0,-0.34,-0.9,11000.0
230,2013-08-19,여름,강원,정선군,평창군,1752.69,1148.123798846373,1060.0,200895.0,0.0,-0.94,-0.39,-0.93,14000.0
231,2013-08-20,여름,강원,정선군,평창군,1752.45,1147.9056170281908,1060.0,200895.0,0.0,-1.0,-0.44,-0.95,14000.0
232,2013-08-21,여름,강원,정선군,평창군,1752.19,1147.6692533918272,1060.0,200895.0,0.0,-1.08,-0.5,-1.04,14000.0
233,2013-08-22,여름,강원,정선군,평창군,1751.55,1147.0874352100088,1060.0,200895.0,0.0,-1.67,-0.55,-1.11,14000.0
234,2013-08-23,여름,강원,정선군,평창군,1751.49,1147.0328897554634,1060.0,200895.0,0.0,-1.78,-0.55,-1.13,15000.0
235,2013-08-24,여름,강원,정선군,평창군,1751.6,1147.132889755463,1060.0,200895.0,0.0,-1.89,-0.47,-0.97,15000.0
236,2013-08-25,여름,강원,정선군,평창군,1751.05,1146.632889755463,1060.0,200895.0,0.0,-2.67,-0.52,-1.0,15000.0
237,2013-08-26,여름,강원,정선군,평창군,1751.1,1146.6783443009178,1060.0,200895.0,0.0,-3.09,-0.75,-1.12,16000.0
238,2013-08-27,여름,강원,정선군,평창군,1750.57,1146.1965261191,1060.0,200895.0,0.0,-3.09,-0.87,-1.18,16000.0
239,2013-08-28,여름,강원,정선군,평창군,1749.93,1145.6147079372818,1060.0,200895.0,0.0,-3.09,-0.97,-1.33,16000.0
240,2013-08-29,여름,강원,정선군,평창군,1749.31,1145.0510715736452,1060.0,200895.0,0.0,-3.09,-1.04,-1.41,15000.0
241,2013-08-30,여름,강원,정선군,평창군,1748.85,1144.632889755463,1060.0,200895.0,0.0,-3.09,-1.04,-1.41,15000.0
242,2013-08-31,여름,강원,정선군,평창군,1748.25,1144.0874352100088,1060.0,200895.0,0.0,-3.09,-1.05,-1.45,15000.0
243,2013-09-01,여름,강원,정선군,평창군,1747.94,1143.805617028191,1060.0,200895.0,171305.0,-3.09,-1.08,-1.21,15000.0
244,2013-09-02,여름,강원,정선군,평창군,1748.04,1143.8965261190997,1060.0,200895.0,171305.0,-3.09,-1.11,-1.31,14000.0
245,2013-09-03,여름,강원,정선군,평창군,1747.86,1143.7328897554637,1060.0,200895.0,171305.0,-3.09,-1.19,-1.39,14000.0
246,2013-09-04,여름,강원,정선군,평창군,1747.28,1143.2056170281908,1060.0,200895.0,171305.0,-3.09,-1.2,-1.44,14000.0
247,2013-09-05,여름,강원,정선군,평창군,1747.45,1143.360162482736,1060.0,200895.0,171305.0,-3.09,-1.21,-1.44,13000.0
248,2013-09-06,여름,강원,정선군,평창군,1747.05,1142.9965261190998,1060.0,200895.0,171305.0,-3.09,-1.24,-1.51,13000.0
249,2013-09-07,여름,강원,정선군,평창군,1747.37,1143.2874352100089,1060.0,200895.0,171305.0,-2.29,-1.27,-1.54,13000.0
250,2013-09-08,여름,강원,정선군,평창군,1747.09,1143.0328897554634,1060.0,200895.0,171305.0,-2.31,-1.27,-1.57,13000.0
251,2013-09-09,여름,강원,정선군,평창군,1746.66,1142.6419806645545,1060.0,200895.0,171305.0,-2.67,-1.3,-1.61,13000.0
252,2013-09-10,여름,강원,정선군,평창군,1746.76,1142.7328897554637,1060.0,200895.0,171305.0,-3.09,-1.37,-1.69,14000.0
253,2013-09-11,여름,강원,정선군,평창군,1746.41,1142.4147079372815,1060.0,200895.0,171305.0,-3.09,-1.52,-1.79,14000.0
254,2013-09-12,여름,강원,정선군,평창군,1745.69,1141.7601624827362,1060.0,200895.0,171305.0,-2.63,-1.46,-1.66,14000.0
255,2013-09-13,여름,강원,정선군,평창군,1745.33,1141.4328897554633,1060.0,200895.0,171305.0,-3.05,-1.57,-1.64,13000.0
256,2013-09-14,여름,강원,정선군,평창군,1745.33,1141.4328897554633,1060.0,200895.0,171305.0,-3.09,-1.43,-1.49,13000.0
257,2013-09-15,여름,강원,정선군,평창군,1744.65,1140.8147079372816,1060.0,200895.0,171305.0,-1.84,-1.22,-1.38,13000.0
258,2013-09-16,여름,강원,정선군,평창군,1744.79,1140.9419806645542,1060.0,200895.0,171305.0,-1.77,-1.23,-1.46,13000.0
259,2013-09-17,여름,강원,정선군,평창군,1743.75,1139.9965261190998,1060.0,200895.0,171305.0,-1.68,-1.38,-1.54,13000.0
260,2013-09-18,여름,강원,정선군,평창군,1742.93,1139.2510715736453,1060.0,200895.0,171305.0,-1.67,-1.39,-1.58,13000.0
261,2013-09-19,여름,강원,정선군,평창군,1742.28,1138.6601624827365,1060.0,200895.0,171305.0,-1.69,-1.32,-1.54,13000.0
262,2013-09-20,여름,강원,정선군,평창군,1742.53,1138.8874352100088,1060.0,200895.0,171305.0,-1.6,-1.33,-1.55,13000.0
263,2013-09-21,여름,강원,정선군,평창군,1742.43,1138.7965261190998,1060.0,200895.0,171305.0,-1.44,-1.33,-1.59,13000.0
264,2013-09-22,여름,강원,정선군,평창군,1742.33,1138.7056170281908,1060.0,200895.0,171305.0,-1.41,-1.36,-1.7,13000.0
265,2013-09-23,여름,강원,정선군,평창군,1742.13,1138.5237988463728,1060.0,200895.0,171305.0,-1.65,-1.3,-1.61,12000.0
266,2013-09-24,여름,강원,정선군,평창군,1741.03,1137.5237988463723,1060.0,200895.0,171305.0,-1.5,-1.42,-1.63,10000.0
267,2013-09-25,여름,강원,정선군,평창군,1739.97,1136.560162482736,1060.0,200895.0,171305.0,-1.25,-1.32,-1.63,10000.0
268,2013-09-26,여름,강원,정선군,평창군,1738.17,1134.9237988463726,1060.0,200895.0,171305.0,-1.12,-1.29,-1.63,9000.0
269,2013-09-27,여름,강원,정선군,평창군,1736.88,1133.7510715736453,1060.0,200895.0,171305.0,-0.89,-1.29,-1.63,9000.0
270,2013-09-28,여름,강원,정선군,평창군,1736.14,1133.0783443009182,1060.0,200895.0,171305.0,-0.83,-1.27,-1.63,9000.0
271,2013-09-29,여름,강원,정선군,평창군,1735.57,1132.560162482736,1060.0,200895.0,171305.0,-0.82,-1.2,-1.66,9000.0
272,2013-09-30,여름,강원,정선군,평창군,1735.81,1132.778344300918,1060.0,200895.0,171305.0,-0.55,-1.02,-1.45,9000.0
273,2013-10-01,여름,강원,정선군,평창군,1733.56,1130.7328897554637,1060.0,200895.0,24000.0,-0.48,-0.99,-1.36,8000.0
274,2013-10-02,여름,강원,정선군,평창군,1732.02,1129.3328897554634,1060.0,200895.0,24000.0,-0.47,-0.97,-1.4,8000.0
275,2013-10-03,여름,강원,정선군,평창군,1731.38,1128.7510715736453,1060.0,200895.0,24000.0,-0.36,-0.94,-1.43,8000.0
276,2013-10-04,여름,강원,정선군,평창군,1730.62,1128.060162482736,1060.0,200895.0,24000.0,-0.27,-0.95,-1.45,8000.0
277,2013-10-05,여름,강원,정선군,평창군,1729.25,1126.8147079372816,1060.0,200895.0,24000.0,-0.27,-0.91,-1.46,8000.0
278,2013-10-06,여름,강원,정선군,평창군,1728.63,1126.2510715736453,1060.0,200895.0,24000.0,-0.28,-0.93,-1.5,8000.0
279,2013-10-07,여름,강원,정선군,평창군,1728.51,1126.1419806645545,1060.0,200895.0,24000.0,-0.21,-0.93,-1.49,7000.0
280,2013-10-08,여름,강원,정선군,평창군,1727.13,1124.887435210009,1060.0,200895.0,24000.0,-0.18,-0.88,-1.51,7000.0
281,2013-10-09,여름,강원,정선군,평창군,1726.45,1124.269253391827,1060.0,200895.0,24000.0,-0.01,-0.81,-1.4,7000.0
282,2013-10-10,여름,강원,정선군,평창군,1725.16,1123.0965261191,1060.0,200895.0,24000.0,0.03,-0.84,-1.44,6000.0
283,2013-10-11,여름,강원,정선군,평창군,1724.82,1122.7874352100089,1060.0,200895.0,24000.0,0.06,-0.82,-1.48,6000.0
284,2013-10-12,여름,강원,정선군,평창군,1723.89,1121.9419806645544,1060.0,200895.0,24000.0,0.12,-0.92,-1.52,6000.0
285,2013-10-13,여름,강원,정선군,평창군,1723.07,1121.1965261191,1060.0,200895.0,24000.0,0.14,-1.18,-1.6,6000.0
286,2013-10-14,여름,강원,정선군,평창군,1723.2,1121.3147079372816,1060.0,200895.0,24000.0,0.05,-1.75,-1.54,5500.0
287,2013-10-15,여름,강원,정선군,평창군,1723.39,1121.487435210009,1060.0,200895.0,24000.0,-0.15,-1.73,-1.55,5500.0
288,2013-10-16,여름,강원,정선군,평창군,1722.95,1121.087435210009,1060.0,200895.0,24000.0,0.13,-1.64,-1.43,5500.0
289,2013-10-17,여름,강원,정선군,평창군,1722.07,1120.2874352100089,1060.0,200895.0,24000.0,0.23,-1.73,-1.5,5000.0
290,2013-10-18,여름,강원,정선군,평창군,1721.66,1119.9147079372815,1060.0,200895.0,24000.0,0.27,-1.7,-1.5,5000.0
291,2013-10-19,여름,강원,정선군,평창군,1721.28,1119.569253391827,1060.0,200895.0,24000.0,0.29,-1.7,-1.52,5000.0
292,2013-10-20,여름,강원,정선군,평창군,1721.0,1119.3147079372816,1060.0,200895.0,24000.0,0.28,-1.73,-1.52,5000.0
293,2013-10-21,여름,강원,정선군,평창군,1721.09,1119.3965261190997,1060.0,200895.0,24000.0,0.27,-2.02,-1.52,5000.0
294,2013-10-22,여름,강원,정선군,평창군,1721.17,1119.4692533918271,1060.0,200895.0,24000.0,0.29,-2.05,-1.55,5000.0
295,2013-10-23,여름,강원,정선군,평창군,1721.06,1119.369253391827,1060.0,200895.0,24000.0,0.22,-1.96,-1.56,5000.0
296,2013-10-24,여름,강원,정선군,평창군,1721.01,1119.3237988463725,1060.0,200895.0,24000.0,0.19,-1.92,-1.57,5000.0
297,2013-10-25,여름,강원,정선군,평창군,1720.35,1118.7237988463726,1060.0,200895.0,24000.0,0.26,-1.93,-1.59,5000.0
298,2013-10-26,여름,강원,정선군,평창군,1719.42,1117.878344300918,1060.0,200895.0,24000.0,0.25,-1.92,-1.6,5000.0
299,2013-10-27,여름,강원,정선군,평창군,1719.48,1117.9328897554635,1060.0,200895.0,24000.0,0.27,-1.9,-1.6,5000.0
300,2013-10-28,여름,강원,정선군,평창군,1719.69,1118.123798846373,1060.0,200895.0,24000.0,0.34,-1.88,-1.6,5000.0
301,2013-10-29,가을,전남,해남군,해남군,1696.17,1089.284241814932,1547.0,1593000.0,24000.0,-0.43,-0.6,-0.76,4500.0
302,2013-10-30,가을,전남,해남군,해남군,1695.29,1088.484241814932,1547.0,1593000.0,24000.0,-1.02,-0.58,-0.78,4500.0
303,2013-10-31,가을,전남,해남군,해남군,1694.51,1087.7751509058412,1547.0,1593000.0,24000.0,-1.18,-0.56,-0.78,4500.0
304,2013-11-01,가을,전남,해남군,해남군,1693.47,1086.8296963603866,1547.0,1593000.0,0.0,-1.11,-0.5,-0.8,4500.0
305,2013-11-02,가을,전남,해남군,해남군,1692.78,1086.202423633114,1547.0,1593000.0,0.0,-1.16,-0.48,-0.82,4500.0
306,2013-11-03,가을,전남,해남군,해남군,1692.08,1085.5660599967505,1547.0,1593000.0,0.0,-1.13,-0.46,-0.81,4500.0
307,2013-11-04,가을,전남,해남군,해남군,1691.93,1085.4296963603867,1547.0,1593000.0,0.0,-1.07,-0.46,-0.81,4500.0
308,2013-11-05,가을,전남,해남군,해남군,1691.39,1084.9387872694776,1547.0,1593000.0,0.0,-1.12,-0.47,-0.82,4500.0
309,2013-11-06,가을,전남,해남군,해남군,1690.27,1083.9206054512958,1547.0,1593000.0,0.0,-1.32,-0.42,-0.85,4500.0
310,2013-11-07,가을,전남,해남군,해남군,1689.27,1083.0115145422048,1547.0,1593000.0,0.0,-1.35,-0.42,-0.88,4500.0
311,2013-11-08,가을,전남,해남군,해남군,1688.25,1082.084241814932,1547.0,1593000.0,0.0,-2.28,-0.41,-0.89,4500.0
312,2013-11-09,가을,전남,해남군,해남군,1687.39,1081.302423633114,1547.0,1593000.0,0.0,-2.34,-0.33,-0.9,4500.0
313,2013-11-10,가을,전남,해남군,해남군,1687.21,1081.1387872694777,1547.0,1593000.0,0.0,-0.69,-0.18,-0.62,4500.0
314,2013-11-11,가을,전남,해남군,해남군,1687.23,1081.1569690876595,1547.0,1593000.0,0.0,-0.86,-0.16,-0.68,5000.0
315,2013-11-12,가을,전남,해남군,해남군,1686.04,1080.0751509058412,1547.0,1593000.0,0.0,-0.77,-0.09,-0.71,5000.0
316,2013-11-13,가을,전남,해남군,해남군,1685.74,1079.802423633114,1547.0,1593000.0,0.0,-0.75,-0.06,-0.73,5000.0
317,2013-11-14,가을,전남,해남군,해남군,1685.27,1079.375150905841,1547.0,1593000.0,0.0,-0.84,-0.04,-0.75,5000.0
318,2013-11-15,가을,전남,해남군,해남군,1684.7,1078.8569690876595,1547.0,1593000.0,0.0,-0.76,0.03,-0.75,5000.0
319,2013-11-16,가을,전남,해남군,해남군,1684.42,1078.602423633114,1547.0,1593000.0,0.0,-0.76,0.14,-0.76,5000.0
320,2013-11-17,가을,전남,해남군,해남군,1684.11,1078.3206054512957,1547.0,1593000.0,0.0,-0.81,0.16,-0.76,5000.0
321,2013-11-18,가을,전남,해남군,해남군,1683.99,1078.211514542205,1547.0,1593000.0,0.0,-0.84,0.17,-0.78,5500.0
322,2013-11-19,가을,전남,해남군,해남군,1683.86,1078.093332724023,1547.0,1593000.0,0.0,-0.39,0.23,-0.68,5500.0
323,2013-11-20,가을,전남,해남군,해남군,1683.84,1078.0751509058412,1547.0,1593000.0,0.0,-0.17,0.33,-0.64,6000.0
324,2013-11-21,가을,전남,해남군,해남군,1683.16,1077.4569690876594,1547.0,1593000.0,0.0,-0.14,0.36,-0.65,6000.0
325,2013-11-22,가을,전남,해남군,해남군,1683.19,1077.484241814932,1547.0,1593000.0,0.0,-0.13,0.23,-0.67,6500.0
326,2013-11-23,가을,전남,해남군,해남군,1683.47,1077.7387872694776,1547.0,1593000.0,0.0,-0.17,-0.28,-0.68,6500.0
327,2013-11-24,가을,전남,해남군,해남군,1683.13,1077.4296963603867,1547.0,1593000.0,0.0,-0.13,-0.24,-0.71,6500.0
328,2013-11-25,가을,전남,해남군,해남군,1682.65,1076.993332724023,1547.0,1593000.0,0.0,0.68,0.01,-0.34,6500.0
329,2013-11-26,가을,전남,해남군,해남군,1682.48,1076.8387872694775,1547.0,1593000.0,0.0,0.76,0.06,-0.36,6500.0
330,2013-11-27,가을,전남,해남군,해남군,1682.07,1076.4660599967503,1547.0,1593000.0,0.0,0.81,0.12,-0.4,6500.0
331,2013-11-28,가을,전남,해남군,해남군,1682.45,1076.8115145422048,1547.0,1593000.0,0.0,0.84,-0.19,-0.41,7000.0
332,2013-11-29,가을,전남,해남군,해남군,1682.25,1076.6296963603866,1547.0,1593000.0,0.0,0.99,-0.13,-0.36,7000.0
333,2013-11-30,가을,전남,해남군,해남군,1682.46,1076.8206054512957,1547.0,1593000.0,0.0,1.05,-0.04,-0.35,7000.0
334,2013-12-01,가을,전남,해남군,해남군,1682.19,1076.5751509058412,1547.0,1593000.0,22000.0,1.06,-0.06,-0.38,7000.0
335,2013-12-02,가을,전남,해남군,해남군,1681.92,1076.3296963603868,1547.0,1593000.0,22000.0,1.08,0.05,-0.4,7000.0
336,2013-12-03,가을,전남,해남군,해남군,1682.81,1077.1387872694777,1547.0,1593000.0,22000.0,1.07,0.1,-0.41,6500.0
337,2013-12-04,가을,전남,해남군,해남군,1682.82,1077.1478781785684,1547.0,1593000.0,22000.0,1.06,0.1,-0.45,6000.0
338,2013-12-05,가을,전남,해남군,해남군,1682.79,1077.1206054512957,1547.0,1593000.0,22000.0,0.99,0.13,-0.5,6000.0
339,2013-12-06,가을,전남,해남군,해남군,1683.03,1077.3387872694775,1547.0,1593000.0,22000.0,1.08,0.0,-0.51,6000.0
340,2013-12-07,가을,전남,해남군,해남군,1683.37,1077.6478781785684,1547.0,1593000.0,22000.0,1.06,-0.03,-0.56,6000.0
341,2013-12-08,가을,전남,해남군,해남군,1683.28,1077.5660599967505,1547.0,1593000.0,22000.0,1.07,0.0,-0.57,6000.0
342,2013-12-09,가을,전남,해남군,해남군,1684.14,1078.3478781785686,1547.0,1593000.0,22000.0,1.07,0.1,-0.59,6000.0
343,2013-12-10,가을,전남,해남군,해남군,1684.22,1078.4206054512958,1547.0,1593000.0,22000.0,0.76,0.15,-0.52,5500.0
344,2013-12-11,가을,전남,해남군,해남군,1684.73,1078.8842418149322,1547.0,1593000.0,22000.0,0.8,0.17,-0.54,5500.0
345,2013-12-12,가을,전남,해남군,해남군,1685.37,1079.46605999675,1547.0,1593000.0,22000.0,0.9,0.26,-0.48,5500.0
346,2013-12-13,가을,전남,해남군,해남군,1685.67,1079.7387872694776,1547.0,1593000.0,22000.0,0.92,0.23,-0.49,5000.0
347,2013-12-14,가을,전남,해남군,해남군,1685.97,1080.0115145422048,1547.0,1593000.0,22000.0,0.99,-0.56,-0.51,5000.0
348,2013-12-15,가을,전남,해남군,해남군,1685.68,1079.7478781785685,1547.0,1593000.0,22000.0,0.97,-0.41,-0.53,5000.0
349,2013-12-16,가을,전남,해남군,해남군,1686.9,1080.8569690876595,1547.0,1593000.0,22000.0,0.96,-0.3,-0.53,5000.0
350,2013-12-17,가을,전남,해남군,해남군,1686.71,1080.6842418149322,1547.0,1593000.0,22000.0,0.98,-0.26,-0.54,4500.0
351,2013-12-18,가을,전남,해남군,해남군,1686.98,1080.9296963603867,1547.0,1593000.0,22000.0,0.98,-0.21,-0.55,4500.0
352,2013-12-19,가을,전남,해남군,해남군,1687.31,1081.2296963603867,1547.0,1593000.0,22000.0,0.92,-0.18,-0.56,4500.0
353,2013-12-20,가을,전남,해남군,해남군,1687.77,1081.6478781785684,1547.0,1593000.0,22000.0,0.84,-0.15,-0.55,4500.0
354,2013-12-21,가을,전남,해남군,해남군,1687.55,1081.4478781785683,1547.0,1593000.0,22000.0,0.86,-0.12,-0.54,4500.0
355,2013-12-22,가을,전남,해남군,해남군,1687.89,1081.7569690876594,1547.0,1593000.0,22000.0,0.87,-0.13,-0.55,4500.0
356,2013-12-23,가을,전남,해남군,해남군,1688.45,1082.2660599967503,1547.0,1593000.0,22000.0,0.91,-0.1,-0.55,4500.0
357,2013-12-24,가을,전남,해남군,해남군,1688.71,1082.502423633114,1547.0,1593000.0,22000.0,0.89,-0.03,-0.56,4500.0
358,2013-12-25,가을,전남,해남군,해남군,1688.58,1082.384241814932,1547.0,1593000.0,22000.0,0.13,-0.03,-0.56,4500.0
359,2013-12-26,가을,전남,해남군,해남군,1689.49,1083.211514542205,1547.0,1593000.0,22000.0,-0.17,-0.02,-0.58,4500.0
360,2013-12-27,가을,전남,해남군,해남군,1690.05,1083.7206054512958,1547.0,1593000.0,22000.0,-0.12,0.03,-0.58,4500.0
361,2013-12-28,가을,전남,해남군,해남군,1690.66,1084.2751509058412,1547.0,1593000.0,22000.0,-0.2,0.04,-0.6,4500.0
362,2013-12-29,가을,전남,해남군,해남군,1690.78,1084.384241814932,1547.0,1593000.0,22000.0,-0.49,-0.15,-0.59,4500.0
363,2013-12-30,가을,전남,해남군,해남군,1691.45,1084.993332724023,1547.0,1593000.0,22000.0,-0.81,-0.08,-0.59,4500.0
364,2013-12-31,가을,전남,해남군,해남군,1692.44,1085.8933327240231,1547.0,1593000.0,22000.0,-0.8,-0.02,-0.6,4500.0
365,2014-01-01,가을,전남,해남군,해남군,1693.66,1087.002423633114,1648.0,1698000.0,44000.0,-0.76,0.01,-0.61,4500.0
366,2014-01-02,가을,전남,해남군,해남군,1694.05,1087.3569690876593,1648.0,1698000.0,44000.0,-0.75,0.0,-0.61,4500.0
367,2014-01-03,가을,전남,해남군,해남군,1694.81,1088.0478781785685,1648.0,1698000.0,44000.0,-0.67,0.01,-0.61,4500.0
368,2014-01-04,가을,전남,해남군,해남군,1695.69,1088.8478781785686,1648.0,1698000.0,44000.0,-0.49,0.0,-0.62,4500.0
369,2014-01-05,가을,전남,해남군,해남군,1695.65,1088.811514542205,1648.0,1698000.0,44000.0,-0.51,0.01,-0.62,4500.0
370,2014-01-06,겨울,전남,해남군,해남군,1696.27,1089.375150905841,2718.0,358017.0,44000.0,-0.42,0.03,-0.63,4500.0
371,2014-01-07,겨울,전남,해남군,해남군,1696.4,1089.493332724023,2718.0,358017.0,44000.0,-0.42,-0.09,-0.65,4500.0
372,2014-01-08,겨울,전남,해남군,해남군,1697.1,1090.1296963603866,2718.0,358017.0,44000.0,-0.44,-0.09,-0.69,4500.0
373,2014-01-09,겨울,전남,해남군,해남군,1697.3,1090.3115145422048,2718.0,358017.0,44000.0,-0.04,0.18,-0.49,4500.0
374,2014-01-10,겨울,전남,해남군,해남군,1697.51,1090.502423633114,2718.0,358017.0,44000.0,-0.02,0.29,-0.53,4500.0
375,2014-01-11,겨울,전남,해남군,해남군,1697.7,1090.6751509058413,2718.0,358017.0,44000.0,-0.25,0.31,-0.54,4500.0
376,2014-01-12,겨울,전남,해남군,해남군,1697.49,1090.484241814932,2718.0,358017.0,44000.0,-0.3,0.33,-0.57,4500.0
377,2014-01-13,겨울,전남,해남군,해남군,1697.67,1090.6478781785686,2718.0,358017.0,44000.0,-0.29,0.29,-0.58,4500.0
378,2014-01-14,겨울,전남,해남군,해남군,1697.95,1090.902423633114,2718.0,358017.0,44000.0,-0.38,0.27,-0.6,4500.0
379,2014-01-15,겨울,전남,해남군,해남군,1697.9,1090.8569690876595,2718.0,358017.0,44000.0,-0.45,0.27,-0.63,4500.0
380,2014-01-16,겨울,전남,해남군,해남군,1697.63,1090.611514542205,2718.0,358017.0,44000.0,-0.48,0.26,-0.67,4500.0
381,2014-01-17,겨울,전남,해남군,해남군,1697.57,1090.5569690876594,2718.0,358017.0,44000.0,-0.37,0.24,-0.67,4500.0
382,2014-01-18,겨울,전남,해남군,해남군,1697.37,1090.375150905841,2718.0,358017.0,44000.0,-0.51,0.23,-0.69,4500.0
383,2014-01-19,겨울,전남,해남군,해남군,1696.98,1090.0206054512958,2718.0,358017.0,44000.0,-0.54,0.22,-0.71,4500.0
384,2014-01-20,겨울,전남,해남군,해남군,1697.04,1090.0751509058412,2718.0,358017.0,44000.0,-0.62,0.22,-0.73,4500.0
385,2014-01-21,겨울,전남,해남군,해남군,1696.63,1089.702423633114,2718.0,358017.0,44000.0,-0.58,0.22,-0.73,4500.0
386,2014-01-22,겨울,전남,해남군,해남군,1696.65,1089.7206054512958,2718.0,358017.0,44000.0,-0.57,0.22,-0.75,4500.0
387,2014-01-23,겨울,전남,해남군,해남군,1696.47,1089.5569690876594,2718.0,358017.0,44000.0,-0.57,0.21,-0.78,4500.0
388,2014-01-24,겨울,전남,해남군,해남군,1696.29,1089.393332724023,2718.0,358017.0,44000.0,-0.64,0.24,-0.78,4500.0
389,2014-01-25,겨울,전남,해남군,해남군,1695.63,1088.7933327240232,2718.0,358017.0,44000.0,-0.67,0.23,-0.79,4500.0
390,2014-01-26,겨울,전남,해남군,해남군,1695.45,1088.6296963603868,2718.0,358017.0,44000.0,-0.67,0.28,-0.78,4500.0
391,2014-01-27,겨울,전남,해남군,해남군,1695.76,1088.911514542205,2718.0,358017.0,44000.0,-0.69,0.27,-0.81,4500.0
392,2014-01-28,겨울,전남,해남군,해남군,1695.35,1088.5387872694776,2718.0,358017.0,44000.0,-0.7,0.28,-0.82,4500.0
393,2014-01-29,겨울,전남,해남군,해남군,1694.98,1088.202423633114,2718.0,358017.0,44000.0,-0.77,0.28,-0.82,4500.0
394,2014-01-30,겨울,전남,해남군,해남군,1693.98,1087.293332724023,2718.0,358017.0,44000.0,-0.3,0.42,-0.71,4500.0
395,2014-01-31,겨울,전남,해남군,해남군,1694.0,1087.3115145422048,2718.0,358017.0,44000.0,-0.23,0.47,-0.7,4500.0
396,2014-02-01,겨울,전남,해남군,해남군,1693.59,1086.9387872694774,2718.0,358017.0,0.0,-0.3,0.45,-0.72,4500.0
397,2014-02-02,겨울,전남,해남군,해남군,1693.53,1086.884241814932,2718.0,358017.0,0.0,-0.04,0.54,-0.61,4500.0
398,2014-02-03,겨울,전남,해남군,해남군,1693.43,1086.793332724023,2718.0,358017.0,0.0,-0.05,0.55,-0.65,4500.0
399,2014-02-04,겨울,전남,해남군,해남군,1693.07,1086.4660599967503,2718.0,358017.0,0.0,-0.07,0.6,-0.67,4500.0
400,2014-02-05,겨울,전남,해남군,해남군,1692.98,1086.3842418149322,2718.0,358017.0,0.0,-0.05,0.67,-0.67,4500.0
401,2014-02-06,겨울,전남,해남군,해남군,1691.99,1085.484241814932,2718.0,358017.0,0.0,-0.07,0.69,-0.68,4500.0
402,2014-02-07,겨울,전남,해남군,해남군,1691.96,1085.4569690876594,2718.0,358017.0,0.0,0.0,0.71,-0.65,4500.0
403,2014-02-08,겨울,전남,해남군,해남군,1691.59,1085.1206054512957,2718.0,358017.0,0.0,-0.67,0.32,-0.65,4500.0
404,2014-02-09,겨울,전남,해남군,해남군,1691.17,1084.7387872694776,2718.0,358017.0,0.0,-0.55,0.35,-0.66,4500.0
405,2014-02-10,겨울,전남,해남군,해남군,1691.28,1084.8387872694775,2718.0,358017.0,0.0,-0.66,0.34,-0.71,4500.0
406,2014-02-11,겨울,전남,해남군,해남군,1690.82,1084.4206054512956,2718.0,358017.0,0.0,-0.68,0.32,-0.74,4500.0
407,2014-02-12,겨울,전남,해남군,해남군,1690.1,1083.7660599967503,2718.0,358017.0,0.0,-0.63,0.34,-0.77,4500.0
408,2014-02-13,겨울,전남,해남군,해남군,1690.41,1084.0478781785685,2718.0,358017.0,0.0,-0.66,0.29,-0.8,4500.0
409,2014-02-14,겨울,전남,해남군,해남군,1690.14,1083.802423633114,2718.0,358017.0,0.0,-0.73,0.23,-0.82,4500.0
410,2014-02-15,겨울,전남,해남군,해남군,1689.64,1083.3478781785686,2718.0,358017.0,0.0,-0.73,0.23,-0.82,4500.0
411,2014-02-16,겨울,전남,해남군,해남군,1689.68,1083.3842418149322,2718.0,358017.0,0.0,-0.72,0.22,-0.86,4500.0
412,2014-02-17,겨울,전남,해남군,해남군,1689.61,1083.3206054512957,2718.0,358017.0,0.0,-0.74,0.06,-0.91,4500.0
413,2014-02-18,겨울,전남,해남군,해남군,1689.35,1083.084241814932,2718.0,358017.0,0.0,-0.48,0.1,-0.77,4500.0
414,2014-02-19,겨울,전남,해남군,해남군,1689.46,1083.1842418149322,2718.0,358017.0,0.0,-0.51,0.03,-0.8,4000.0
415,2014-02-20,겨울,전남,해남군,해남군,1689.53,1083.2478781785685,2718.0,358017.0,0.0,-0.58,0.04,-0.84,4000.0
416,2014-02-21,겨울,전남,해남군,해남군,1689.36,1083.093332724023,2718.0,358017.0,0.0,-0.56,0.07,-0.86,4000.0
417,2014-02-22,겨울,전남,해남군,해남군,1689.63,1083.3387872694775,2718.0,358017.0,0.0,-0.61,0.04,-0.9,4000.0
418,2014-02-23,겨울,전남,해남군,해남군,1689.1,1082.8569690876593,2718.0,358017.0,0.0,-0.56,-0.83,-0.94,4000.0
419,2014-02-24,겨울,전남,해남군,해남군,1689.47,1083.193332724023,2718.0,358017.0,0.0,-0.6,-1.07,-0.99,4000.0
420,2014-02-25,겨울,전남,해남군,해남군,1689.31,1083.0478781785685,2718.0,358017.0,0.0,-0.59,-1.07,-0.99,4000.0
421,2014-02-26,겨울,전남,해남군,해남군,1689.3,1083.0387872694776,2718.0,358017.0,0.0,-0.59,-1.08,-1.06,4000.0
422,2014-02-27,겨울,전남,해남군,해남군,1689.16,1082.911514542205,2718.0,358017.0,0.0,-0.32,-1.08,-0.92,3500.0
423,2014-02-28,겨울,전남,해남군,해남군,1689.36,1083.093332724023,2718.0,358017.0,0.0,-0.37,-1.27,-0.95,3500.0
424,2014-03-01,겨울,전남,해남군,해남군,1688.78,1082.5660599967505,2718.0,358017.0,0.0,-0.64,-1.25,-1.0,3500.0
425,2014-03-02,겨울,전남,해남군,해남군,1688.88,1082.6569690876595,2718.0,358017.0,0.0,-0.31,-0.93,-0.81,3500.0
426,2014-03-03,겨울,전남,해남군,해남군,1688.97,1082.7387872694776,2718.0,358017.0,0.0,-0.31,-0.93,-0.86,3500.0
427,2014-03-04,겨울,전남,해남군,해남군,1688.65,1082.4478781785683,2718.0,358017.0,0.0,-0.55,-0.92,-0.9,3500.0
428,2014-03-05,겨울,전남,해남군,해남군,1688.66,1082.4569690876594,2718.0,358017.0,0.0,-0.56,-0.86,-0.9,3500.0
429,2014-03-06,겨울,전남,해남군,해남군,1688.67,1082.4660599967503,2718.0,358017.0,0.0,-0.6,-0.88,-0.95,3500.0
430,2014-03-07,겨울,전남,해남군,해남군,1688.81,1082.593332724023,2718.0,358017.0,0.0,-0.62,-0.87,-0.99,3500.0
431,2014-03-08,겨울,전남,해남군,해남군,1688.5,1082.3115145422048,2718.0,358017.0,0.0,-0.69,-0.92,-1.06,3500.0
432,2014-03-09,겨울,전남,해남군,해남군,1688.16,1082.002423633114,2718.0,358017.0,0.0,-0.76,-0.91,-1.06,3500.0
433,2014-03-10,겨울,전남,해남군,해남군,1688.72,1082.5115145422048,2718.0,358017.0,0.0,-0.84,-1.09,-1.07,3500.0
434,2014-03-11,겨울,전남,해남군,해남군,1688.57,1082.375150905841,2718.0,358017.0,0.0,-0.99,-1.19,-1.14,3500.0
435,2014-03-12,겨울,전남,해남군,해남군,1688.1,1081.9478781785683,2718.0,358017.0,0.0,-1.03,-1.52,-1.15,3500.0
436,2014-03-13,겨울,전남,해남군,해남군,1688.12,1081.96605999675,2718.0,358017.0,0.0,-0.16,-0.63,-0.64,3500.0
437,2014-03-14,겨울,전남,해남군,해남군,1688.25,1082.084241814932,2718.0,358017.0,0.0,-0.2,-0.65,-0.7,3500.0
438,2014-03-15,겨울,전남,해남군,해남군,1687.89,1081.7569690876594,2718.0,358017.0,0.0,-0.2,-0.72,-0.79,3500.0
439,2014-03-16,겨울,전남,해남군,해남군,1687.81,1081.684241814932,2718.0,358017.0,0.0,-0.24,-0.81,-0.89,3500.0
440,2014-03-17,겨울,전남,해남군,해남군,1688.13,1081.9751509058412,2718.0,358017.0,0.0,-0.32,-0.92,-1.04,3500.0
441,2014-03-18,겨울,전남,해남군,해남군,1687.77,1081.6478781785684,2718.0,358017.0,0.0,-0.32,-0.78,-0.96,3500.0
442,2014-03-19,겨울,전남,해남군,해남군,1687.47,1081.375150905841,2718.0,358017.0,0.0,-0.33,-0.91,-0.97,3500.0
443,2014-03-20,겨울,전남,해남군,해남군,1687.49,1081.3933327240231,2718.0,358017.0,0.0,-0.58,-1.03,-1.03,3500.0
444,2014-03-21,겨울,전남,해남군,해남군,1687.04,1080.984241814932,2718.0,358017.0,0.0,-0.58,-1.1,-1.07,3500.0
445,2014-03-22,겨울,전남,해남군,해남군,1686.9,1080.8569690876595,2718.0,358017.0,0.0,-0.61,-1.1,-1.2,3500.0
446,2014-03-23,겨울,전남,해남군,해남군,1686.81,1080.7751509058412,2718.0,358017.0,0.0,-0.69,-1.14,-1.19,3500.0
447,2014-03-24,겨울,전남,해남군,해남군,1686.94,1080.8933327240231,2718.0,358017.0,0.0,-0.7,-1.19,-1.24,3500.0
448,2014-03-25,겨울,전남,해남군,해남군,1686.4,1080.402423633114,2718.0,358017.0,0.0,-0.55,-1.19,-1.29,3500.0
449,2014-03-26,겨울,전남,해남군,해남군,1686.42,1080.4206054512958,2718.0,358017.0,0.0,0.39,-0.39,-0.59,3500.0
450,2014-03-27,겨울,전남,해남군,해남군,1686.35,1080.3569690876593,2718.0,358017.0,0.0,0.56,-0.25,-0.5,3500.0
451,2014-03-28,겨울,전남,해남군,해남군,1686.12,1080.1478781785684,2718.0,358017.0,0.0,0.59,-0.24,-0.58,3500.0
452,2014-03-29,겨울,전남,해남군,해남군,1685.79,1079.8478781785684,2718.0,358017.0,0.0,0.45,-0.26,-0.63,3500.0
453,2014-03-30,겨울,전남,해남군,해남군,1685.61,1079.684241814932,2718.0,358017.0,0.0,0.56,-0.23,-0.57,3500.0
454,2014-03-31,겨울,전남,해남군,해남군,1685.91,1079.9569690876594,2718.0,358017.0,0.0,0.53,-0.26,-0.61,3500.0
455,2014-04-01,겨울,전남,해남군,해남군,1685.42,1079.5115145422048,2718.0,358017.0,24000.0,0.31,-0.23,-0.64,3500.0
456,2014-04-02,겨울,전남,해남군,해남군,1684.71,1078.8660599967504,2718.0,358017.0,24000.0,0.28,-0.24,-0.71,3500.0
457,2014-04-03,겨울,전남,해남군,해남군,1684.5,1078.6751509058413,2718.0,358017.0,24000.0,0.26,-0.3,-0.76,3500.0
458,2014-04-04,겨울,전남,해남군,해남군,1684.53,1078.702423633114,2718.0,358017.0,24000.0,0.32,-0.3,-0.79,3500.0
459,2014-04-05,겨울,전남,해남군,해남군,1684.04,1078.2569690876594,2718.0,358017.0,24000.0,0.35,-0.34,-0.86,3500.0
460,2014-04-06,겨울,전남,해남군,해남군,1683.83,1078.0660599967505,2718.0,358017.0,24000.0,0.33,-0.35,-0.86,3500.0
461,2014-04-07,겨울,전남,해남군,해남군,1683.77,1078.0115145422048,2718.0,358017.0,24000.0,0.23,-0.47,-0.95,3500.0
462,2014-04-08,겨울,전남,해남군,해남군,1683.45,1077.7206054512958,2718.0,358017.0,24000.0,0.1,-0.56,-0.96,3500.0
463,2014-04-09,겨울,전남,해남군,해남군,1683.38,1077.6569690876595,2718.0,358017.0,24000.0,0.12,-0.78,-0.96,3500.0
464,2014-04-10,겨울,전남,해남군,해남군,1682.98,1077.293332724023,2718.0,358017.0,24000.0,0.05,-0.88,-1.03,3500.0
465,2014-04-11,겨울,전남,해남군,해남군,1682.61,1076.9569690876592,2718.0,358017.0,24000.0,0.05,-0.91,-1.07,3500.0
466,2014-04-12,겨울,전남,해남군,해남군,1682.22,1076.602423633114,2718.0,358017.0,24000.0,-0.55,-0.94,-1.1,3500.0
467,2014-04-13,겨울,전남,해남군,해남군,1681.86,1076.2751509058412,2718.0,358017.0,24000.0,-0.63,-0.98,-1.11,3500.0
468,2014-04-14,겨울,전남,해남군,해남군,1682.0,1076.402423633114,2718.0,358017.0,24000.0,-0.59,-0.92,-1.05,3500.0
469,2014-04-15,겨울,전남,해남군,해남군,1681.86,1076.2751509058412,2718.0,358017.0,24000.0,-0.58,-0.95,-1.12,3500.0
470,2014-04-16,겨울,전남,해남군,해남군,1681.6,1076.0387872694776,2718.0,358017.0,24000.0,-0.54,-0.99,-1.15,3500.0
471,2014-04-17,겨울,전남,해남군,해남군,1681.25,1075.7206054512958,2718.0,358017.0,24000.0,-0.63,-1.0,-1.16,3500.0
472,2014-04-18,겨울,전남,해남군,해남군,1681.09,1075.5751509058412,2718.0,358017.0,24000.0,-0.43,-0.85,-1.03,3500.0
473,2014-04-19,겨울,전남,해남군,해남군,1681.03,1075.5206054512958,2718.0,358017.0,24000.0,-0.55,-0.98,-1.2,3500.0
474,2014-04-20,겨울,전남,해남군,해남군,1680.89,1075.3933327240231,2718.0,358017.0,24000.0,-0.54,-0.99,-1.2,3500.0
475,2014-04-21,겨울,전남,해남군,해남군,1681.3,1075.7660599967503,2718.0,358017.0,24000.0,-0.55,-1.04,-1.27,3500.0
476,2014-04-22,겨울,전남,해남군,해남군,1680.79,1075.302423633114,2718.0,358017.0,24000.0,-0.66,-1.09,-1.39,3500.0
477,2014-04-23,겨울,전남,해남군,해남군,1680.19,1074.7569690876594,2718.0,358017.0,24000.0,-0.68,-1.08,-1.37,3500.0
478,2014-04-24,겨울,전남,해남군,해남군,1680.77,1075.284241814932,2718.0,358017.0,24000.0,-0.65,-1.08,-1.39,3500.0
479,2014-04-25,겨울,전남,해남군,해남군,1680.26,1074.8206054512957,2718.0,358017.0,24000.0,-1.34,-1.07,-1.42,3500.0
480,2014-04-26,겨울,전남,해남군,해남군,1679.99,1074.5751509058412,2718.0,358017.0,24000.0,-1.57,-1.07,-1.4,3500.0
481,2014-04-27,겨울,전남,해남군,해남군,1679.71,1074.3206054512957,2718.0,358017.0,24000.0,-1.52,-1.15,-1.38,3500.0
482,2014-04-28,겨울,전남,해남군,해남군,1679.94,1074.5296963603869,2718.0,358017.0,24000.0,-0.81,-0.63,-0.75,3500.0
483,2014-04-29,겨울,전남,해남군,해남군,1680.3,1074.8569690876593,2718.0,358017.0,24000.0,-0.45,-0.32,0.05,3500.0
484,2014-04-30,겨울,전남,해남군,해남군,1680.11,1074.684241814932,2718.0,358017.0,24000.0,-0.46,-0.43,-0.12,3500.0
485,2014-05-01,겨울,전남,해남군,해남군,1679.27,1073.9206054512958,2718.0,358017.0,0.0,-0.52,-0.51,-0.3,3500.0
486,2014-05-02,겨울,전남,해남군,해남군,1678.9,1073.5842418149325,2718.0,358017.0,0.0,-0.45,-0.52,-0.41,3500.0
487,2014-05-03,겨울,전남,해남군,해남군,1678.84,1073.5296963603869,2718.0,358017.0,0.0,-0.4,-0.62,-0.48,3500.0
488,2014-05-04,겨울,전남,해남군,해남군,1678.72,1073.4206054512958,2718.0,358017.0,0.0,-0.45,-0.66,-0.62,3500.0
489,2014-05-05,겨울,전남,해남군,해남군,1678.87,1073.5569690876594,2718.0,358017.0,0.0,-0.44,-0.64,-0.68,3500.0
490,2014-05-06,겨울,전남,해남군,해남군,1678.63,1073.3387872694775,2718.0,358017.0,0.0,-0.41,-0.64,-0.66,3500.0
491,2014-05-07,겨울,전남,해남군,해남군,1678.12,1072.875150905841,2718.0,358017.0,0.0,-0.48,-0.7,-0.7,3500.0
492,2014-05-08,겨울,전남,해남군,해남군,1678.16,1072.911514542205,2718.0,358017.0,0.0,-0.49,-0.79,-0.83,3500.0
493,2014-05-09,겨울,전남,해남군,해남군,1677.71,1072.502423633114,2718.0,358017.0,0.0,-0.52,-0.82,-0.86,3500.0
494,2014-05-10,겨울,전남,해남군,해남군,1677.33,1072.1569690876593,2718.0,358017.0,0.0,-0.45,-0.86,-0.91,3500.0
495,2014-05-11,겨울,전남,해남군,해남군,1676.96,1071.8206054512957,2718.0,358017.0,0.0,-0.52,-0.92,-1.03,3500.0
496,2014-05-12,겨울,전남,해남군,해남군,1677.32,1072.1478781785684,2718.0,358017.0,0.0,0.04,-0.51,-0.1,3500.0
497,2014-05-13,겨울,전남,해남군,해남군,1676.61,1071.502423633114,2718.0,358017.0,0.0,0.17,-0.47,-0.13,3500.0
498,2014-05-14,겨울,전남,해남군,해남군,1676.35,1071.2660599967503,2718.0,358017.0,0.0,0.1,-0.49,-0.3,3500.0
499,2014-05-15,겨울,전남,해남군,해남군,1675.91,1070.8660599967504,2718.0,358017.0,0.0,0.29,-0.31,0.08,3500.0
500,2014-05-16,봄,충남,예산군,서산시,1685.81,1091.4246352262571,90.0,364326.0,0.0,0.58,-0.39,-0.51,3000.0
501,2014-05-17,봄,충남,예산군,서산시,1685.67,1091.2973624989845,90.0,364326.0,0.0,0.56,-0.43,-0.66,3000.0
502,2014-05-18,봄,충남,예산군,서산시,1685.47,1091.1155443171665,90.0,364326.0,0.0,0.47,-0.42,-0.77,3000.0
503,2014-05-19,봄,충남,예산군,서산시,1685.27,1090.933726135348,90.0,364326.0,0.0,0.4,-0.49,-0.9,3000.0
504,2014-05-20,봄,충남,예산군,서산시,1684.89,1090.5882715898936,90.0,364326.0,0.0,0.4,-0.51,-0.94,3000.0
505,2014-05-21,봄,충남,예산군,서산시,1684.64,1090.360998862621,90.0,364326.0,0.0,0.44,-0.53,-1.02,3000.0
506,2014-05-22,봄,충남,예산군,서산시,1684.48,1090.2155443171664,90.0,364326.0,0.0,0.45,-0.54,-1.07,3000.0
507,2014-05-23,봄,충남,예산군,서산시,1684.56,1090.2882715898936,90.0,364326.0,0.0,0.46,-0.57,-1.17,3000.0
508,2014-05-24,봄,충남,예산군,서산시,1684.28,1090.0337261353482,90.0,364326.0,0.0,0.52,-0.55,-1.14,3000.0
509,2014-05-25,봄,충남,예산군,서산시,1684.01,1089.7882715898936,90.0,364326.0,0.0,0.53,-0.58,-1.24,3000.0
510,2014-05-26,봄,충남,예산군,서산시,1683.47,1089.2973624989845,90.0,364326.0,0.0,0.51,-0.57,-1.12,3000.0
511,2014-05-27,봄,충남,예산군,서산시,1683.14,1088.9973624989846,90.0,364326.0,0.0,0.54,-0.58,-0.98,3000.0
512,2014-05-28,봄,충남,예산군,서산시,1682.68,1088.579180680803,90.0,364326.0,0.0,0.16,-0.63,-1.07,3000.0
513,2014-05-29,봄,충남,예산군,서산시,1682.47,1088.3882715898935,90.0,364326.0,0.0,-0.45,-0.62,-1.15,3000.0
514,2014-05-30,봄,충남,예산군,서산시,1682.37,1088.2973624989845,90.0,364326.0,0.0,-0.75,-0.61,-1.17,3000.0
515,2014-05-31,봄,충남,예산군,서산시,1682.17,1088.1155443171665,90.0,364326.0,0.0,-0.72,-0.6,-1.18,3000.0
516,2014-06-01,봄,충남,예산군,서산시,1681.47,1087.4791806808028,90.0,364326.0,24000.0,-0.65,-0.59,-1.23,3000.0
517,2014-06-02,봄,충남,예산군,서산시,1681.16,1087.1973624989846,90.0,364326.0,24000.0,-0.75,-0.62,-1.4,3000.0
518,2014-06-03,봄,충남,예산군,서산시,1680.57,1086.6609988626208,90.0,364326.0,24000.0,-0.67,-0.58,-1.3,3000.0
519,2014-06-04,봄,충남,예산군,서산시,1680.28,1086.3973624989844,90.0,364326.0,24000.0,0.06,-0.08,0.03,3000.0
520,2014-06-05,봄,충남,예산군,서산시,1680.32,1086.433726135348,90.0,364326.0,24000.0,0.03,-0.09,-0.21,3000.0
521,2014-06-06,봄,충남,예산군,서산시,1679.83,1085.9882715898934,90.0,364326.0,24000.0,0.12,-0.1,-0.4,3000.0
522,2014-06-07,봄,충남,예산군,서산시,1679.44,1085.633726135348,90.0,364326.0,24000.0,0.22,-0.1,-0.49,3000.0
523,2014-06-08,봄,충남,예산군,서산시,1679.33,1085.5337261353482,90.0,364326.0,24000.0,0.13,-0.15,-0.59,3000.0
524,2014-06-09,봄,충남,예산군,서산시,1679.0,1085.2337261353482,90.0,364326.0,24000.0,0.1,-0.21,-0.65,3000.0
525,2014-06-10,봄,충남,예산군,서산시,1678.36,1084.65190795353,90.0,364326.0,24000.0,0.15,-0.19,-0.69,3000.0
526,2014-06-11,봄,충남,예산군,서산시,1677.57,1083.933726135348,90.0,364326.0,24000.0,-0.42,-0.42,-0.79,3000.0
527,2014-06-12,봄,충남,예산군,서산시,1676.58,1083.0337261353482,90.0,364326.0,24000.0,-0.49,-0.38,-0.74,3000.0
528,2014-06-13,봄,충남,예산군,서산시,1675.97,1082.4791806808028,90.0,364326.0,24000.0,-0.29,-0.4,-0.79,3000.0
529,2014-06-14,봄,충남,예산군,서산시,1675.79,1082.3155443171663,90.0,364326.0,24000.0,-0.24,-0.41,-0.85,3000.0
530,2014-06-15,봄,충남,예산군,서산시,1675.43,1081.9882715898937,90.0,364326.0,24000.0,-0.18,-0.41,-0.8,3000.0
531,2014-06-16,봄,충남,예산군,서산시,1675.07,1081.6609988626208,90.0,364326.0,24000.0,-0.11,-0.41,-0.84,3500.0
532,2014-06-17,봄,충남,예산군,서산시,1674.85,1081.4609988626207,90.0,364326.0,24000.0,-0.17,-0.42,-0.91,4000.0
533,2014-06-18,봄,충남,예산군,서산시,1674.23,1080.8973624989844,90.0,364326.0,24000.0,-0.12,-0.43,-0.95,4500.0
534,2014-06-19,봄,충남,예산군,서산시,1673.49,1080.2246352262573,90.0,364326.0,24000.0,-0.21,-0.54,-1.24,4500.0
535,2014-06-20,봄,충남,예산군,서산시,1673.54,1080.2700897717118,90.0,364326.0,24000.0,-0.22,-0.55,-1.0,4500.0
536,2014-06-21,봄,충남,예산군,서산시,1673.02,1079.7973624989845,90.0,364326.0,24000.0,-0.11,-0.49,-0.92,4500.0
537,2014-06-22,봄,충남,예산군,서산시,1672.85,1079.642817044439,90.0,364326.0,24000.0,-0.08,-0.48,-0.92,4500.0
538,2014-06-23,봄,충남,예산군,서산시,1673.16,1079.9246352262574,90.0,364326.0,24000.0,-0.03,-0.42,-0.92,4500.0
539,2014-06-24,봄,충남,예산군,서산시,1673.21,1079.970089771712,90.0,364326.0,24000.0,-0.04,-0.45,-0.92,4500.0
540,2014-06-25,봄,충남,예산군,서산시,1672.9,1079.6882715898937,90.0,364326.0,24000.0,-0.14,-0.52,-0.97,4500.0
541,2014-06-26,봄,충남,예산군,서산시,1673.09,1079.8609988626208,90.0,364326.0,24000.0,-0.21,-0.53,-0.92,5000.0
542,2014-06-27,봄,충남,예산군,서산시,1672.72,1079.5246352262573,90.0,364326.0,24000.0,-0.21,-0.56,-0.98,5000.0
543,2014-06-28,봄,충남,예산군,서산시,1672.71,1079.5155443171664,90.0,364326.0,24000.0,-0.33,-0.64,-1.03,5000.0
544,2014-06-29,봄,충남,예산군,서산시,1672.56,1079.3791806808026,90.0,364326.0,24000.0,-0.37,-0.66,-1.09,5000.0
545,2014-06-30,봄,충남,예산군,서산시,1672.93,1079.7155443171664,90.0,364326.0,24000.0,-0.42,-0.71,-1.16,5000.0
546,2014-07-01,봄,충남,예산군,서산시,1672.52,1079.342817044439,90.0,364326.0,0.0,-0.56,-0.84,-1.22,5000.0
547,2014-07-02,봄,충남,예산군,서산시,1672.33,1079.1700897717117,90.0,364326.0,0.0,-0.61,-0.91,-1.23,5000.0
548,2014-07-03,봄,충남,예산군,서산시,1672.07,1078.933726135348,90.0,364326.0,0.0,-0.7,-0.96,-1.27,5000.0
549,2014-07-04,봄,충남,예산군,서산시,1671.97,1078.842817044439,90.0,364326.0,0.0,-1.22,-0.86,-1.21,5000.0
550,2014-07-05,봄,충남,예산군,서산시,1671.62,1078.524635226257,90.0,364326.0,0.0,-1.2,-0.91,-1.24,5000.0
551,2014-07-06,봄,충남,예산군,서산시,1671.51,1078.4246352262571,90.0,364326.0,0.0,-1.24,-0.92,-1.27,5000.0
552,2014-07-07,봄,충남,예산군,서산시,1671.13,1078.079180680803,90.0,364326.0,0.0,-1.28,-1.0,-1.3,5000.0
553,2014-07-08,봄,충남,예산군,서산시,1671.12,1078.0700897717118,90.0,364326.0,0.0,-1.31,-1.02,-1.35,5000.0
554,2014-07-09,봄,충남,예산군,서산시,1670.48,1077.4882715898937,90.0,364326.0,0.0,-1.2,-0.9,-1.26,5000.0
555,2014-07-10,봄,충남,예산군,서산시,1670.26,1077.2882715898936,90.0,364326.0,0.0,-1.23,-0.9,-1.37,5000.0
556,2014-07-11,봄,충남,예산군,서산시,1669.58,1076.6700897717117,90.0,364326.0,0.0,-1.42,-0.98,-1.49,5000.0
557,2014-07-12,봄,충남,예산군,서산시,1669.3,1076.4155443171662,90.0,364326.0,0.0,-1.72,-1.11,-1.62,5000.0
558,2014-07-13,봄,충남,예산군,서산시,1668.55,1075.733726135348,90.0,364326.0,0.0,-1.93,-1.18,-1.57,5000.0
559,2014-07-14,봄,충남,예산군,서산시,1668.48,1075.6700897717117,90.0,364326.0,0.0,-1.77,-1.22,-1.66,5000.0
560,2014-07-15,봄,충남,예산군,서산시,1667.55,1074.8246352262572,90.0,364326.0,0.0,-1.66,-1.27,-1.62,5000.0
561,2014-07-16,봄,충남,예산군,서산시,1667.04,1074.3609988626208,90.0,364326.0,0.0,-1.85,-1.4,-1.7,5000.0
562,2014-07-17,봄,충남,예산군,서산시,1666.59,1073.9519079535298,90.0,364326.0,0.0,-1.96,-1.71,-1.88,5000.0
563,2014-07-18,봄,충남,예산군,서산시,1666.01,1073.4246352262571,90.0,364326.0,0.0,-1.79,-1.48,-1.71,6000.0
564,2014-07-19,봄,충남,예산군,서산시,1665.59,1073.042817044439,90.0,364326.0,0.0,-1.43,-1.17,-1.42,6000.0
565,2014-07-20,봄,충남,예산군,서산시,1665.27,1072.75190795353,90.0,364326.0,0.0,-1.51,-1.24,-1.71,6000.0
566,2014-07-21,봄,충남,예산군,서산시,1665.35,1072.8246352262572,90.0,364326.0,0.0,-1.63,-1.23,-1.77,6500.0
567,2014-07-22,봄,충남,예산군,서산시,1665.18,1072.670089771712,90.0,364326.0,0.0,-1.63,-1.22,-1.83,7000.0
568,2014-07-23,봄,충남,예산군,서산시,1664.53,1072.079180680803,90.0,364326.0,0.0,-1.66,-1.22,-1.87,7000.0
569,2014-07-24,봄,충남,예산군,서산시,1663.93,1071.5337261353482,90.0,364326.0,0.0,-1.15,-0.78,-1.14,7000.0
570,2014-07-25,여름,강원,평창군,평창군,1672.53,1075.2510715736453,1542.0,183287.0,0.0,-2.11,-1.66,-1.72,8000.0
571,2014-07-26,여름,강원,평창군,평창군,1672.05,1074.8147079372816,1542.0,183287.0,0.0,-2.74,-1.55,-1.63,8000.0
572,2014-07-27,여름,강원,평창군,평창군,1672.03,1074.7965261190998,1542.0,183287.0,0.0,-2.4,-1.51,-1.52,8000.0
573,2014-07-28,여름,강원,평창군,평창군,1671.48,1074.2965261190998,1542.0,183287.0,0.0,-3.09,-1.83,-1.5,8000.0
574,2014-07-29,여름,강원,평창군,평창군,1671.14,1073.987435210009,1542.0,183287.0,0.0,-3.09,-3.09,-1.46,8000.0
575,2014-07-30,여름,강원,평창군,평창군,1670.48,1073.387435210009,1542.0,183287.0,0.0,-3.09,-3.06,-1.49,8000.0
576,2014-07-31,여름,강원,평창군,평창군,1670.06,1073.0056170281907,1542.0,183287.0,0.0,-2.98,-2.92,-1.54,8000.0
577,2014-08-01,여름,강원,평창군,평창군,1668.05,1071.178344300918,1542.0,183287.0,0.0,-0.97,-1.92,-1.1,8000.0
578,2014-08-02,여름,강원,평창군,평창군,1667.44,1070.623798846373,1542.0,183287.0,0.0,-1.0,-2.04,-1.25,8000.0
579,2014-08-03,여름,강원,평창군,평창군,1666.81,1070.0510715736452,1542.0,183287.0,0.0,-1.4,-2.05,-1.3,8000.0
580,2014-08-04,여름,강원,평창군,평창군,1666.34,1069.6237988463724,1542.0,183287.0,0.0,-1.12,-1.85,-1.18,8000.0
581,2014-08-05,여름,강원,평창군,평창군,1665.6,1068.951071573645,1542.0,183287.0,0.0,-1.08,-1.82,-1.24,8000.0
582,2014-08-06,여름,강원,평창군,평창군,1664.3,1067.769253391827,1542.0,183287.0,0.0,-0.93,-1.86,-1.27,8000.0
583,2014-08-07,여름,강원,평창군,평창군,1663.58,1067.1147079372815,1542.0,183287.0,0.0,-0.59,-1.75,-1.13,8000.0
584,2014-08-08,여름,강원,평창군,평창군,1662.9,1066.4965261190998,1542.0,183287.0,0.0,-0.56,-1.87,-1.12,8000.0
585,2014-08-09,여름,강원,평창군,평창군,1664.5,1067.951071573645,1542.0,183287.0,0.0,-0.53,-2.22,-1.16,8000.0
586,2014-08-10,여름,강원,평창군,평창군,1664.1,1067.5874352100088,1542.0,183287.0,0.0,-0.3,-1.83,-1.03,8000.0
587,2014-08-11,여름,강원,평창군,평창군,1661.3,1065.0419806645543,1542.0,183287.0,0.0,0.39,-0.68,-0.29,8000.0
588,2014-08-12,여름,강원,평창군,평창군,1663.1,1066.6783443009178,1542.0,183287.0,0.0,0.44,-0.63,-0.43,7500.0
589,2014-08-13,여름,강원,평창군,평창군,1661.39,1065.123798846373,1542.0,183287.0,0.0,0.45,-0.64,-0.52,7500.0
590,2014-08-14,여름,강원,평창군,평창군,1660.42,1064.2419806645544,1542.0,183287.0,0.0,0.48,-0.67,-0.56,7500.0
591,2014-08-15,여름,강원,평창군,평창군,1659.71,1063.5965261191,1542.0,183287.0,0.0,0.55,-0.67,-0.58,7500.0
592,2014-08-16,여름,강원,평창군,평창군,1658.25,1062.269253391827,1542.0,183287.0,0.0,0.58,-0.71,-0.65,7500.0
593,2014-08-17,여름,강원,평창군,평창군,1657.88,1061.9328897554635,1542.0,183287.0,0.0,0.59,-0.73,-0.7,7500.0
594,2014-08-18,여름,강원,평창군,평창군,1657.25,1061.3601624827363,1542.0,183287.0,0.0,0.63,-0.68,-0.71,7500.0
595,2014-08-19,여름,강원,평창군,평창군,1655.66,1059.9147079372815,1542.0,183287.0,0.0,0.71,-0.51,-0.53,7500.0
596,2014-08-20,여름,강원,평창군,평창군,1655.02,1059.3328897554634,1542.0,183287.0,0.0,0.72,-0.43,-0.49,7500.0
597,2014-08-21,여름,강원,평창군,평창군,1653.88,1058.2965261191,1542.0,183287.0,0.0,0.7,-0.48,-0.59,7500.0
598,2014-08-22,여름,강원,평창군,평창군,1652.93,1057.4328897554635,1542.0,183287.0,0.0,0.77,-0.42,-0.56,7500.0
599,2014-08-23,여름,강원,평창군,평창군,1651.99,1056.578344300918,1542.0,183287.0,0.0,0.75,-0.42,-0.61,7500.0
600,2014-08-24,여름,강원,평창군,평창군,1651.7,1056.3147079372818,1542.0,183287.0,0.0,0.7,-0.45,-0.66,7500.0
601,2014-08-25,여름,강원,평창군,평창군,1649.75,1054.5419806645543,1542.0,183287.0,0.0,0.68,-0.5,-0.7,7500.0
602,2014-08-26,여름,강원,평창군,평창군,1648.57,1053.4692533918271,1542.0,183287.0,0.0,0.68,-0.55,-0.74,7500.0
603,2014-08-27,여름,강원,평창군,평창군,1646.95,1051.9965261190998,1542.0,183287.0,0.0,0.81,-0.5,-0.69,7500.0
604,2014-08-28,여름,강원,평창군,평창군,1646.07,1051.1965261191,1542.0,183287.0,0.0,0.75,-0.6,-0.85,7500.0
605,2014-08-29,여름,강원,평창군,평창군,1644.69,1049.9419806645544,1542.0,183287.0,0.0,0.74,-0.66,-0.93,7500.0
606,2014-08-30,여름,강원,평창군,평창군,1643.36,1048.7328897554637,1542.0,183287.0,0.0,0.74,-0.69,-0.96,7500.0
607,2014-08-31,여름,강원,평창군,평창군,1642.73,1048.1601624827365,1542.0,183287.0,0.0,0.39,-0.71,-1.0,7500.0
608,2014-09-01,여름,강원,평창군,평창군,1640.87,1046.4692533918271,1542.0,183287.0,24000.0,0.33,-0.75,-0.93,7500.0
609,2014-09-02,여름,강원,평창군,평창군,1638.64,1044.4419806645544,1542.0,183287.0,24000.0,0.32,-0.89,-1.02,7500.0
610,2014-09-03,여름,강원,평창군,평창군,1637.38,1043.2965261191,1542.0,183287.0,24000.0,0.28,-0.98,-1.09,8000.0
611,2014-09-04,여름,강원,평창군,평창군,1635.38,1041.478344300918,1542.0,183287.0,24000.0,0.52,-0.74,-0.75,10000.0
612,2014-09-05,여름,강원,평창군,평창군,1634.02,1040.2419806645544,1542.0,183287.0,24000.0,0.51,-0.74,-0.81,10000.0
613,2014-09-06,여름,강원,평창군,평창군,1633.12,1039.4237988463724,1542.0,183287.0,24000.0,0.39,-0.76,-0.88,10000.0
614,2014-09-07,여름,강원,평창군,평창군,1632.21,1038.5965261191,1542.0,183287.0,24000.0,0.3,-0.79,-0.95,10000.0
615,2014-09-08,여름,강원,평창군,평창군,1631.99,1038.3965261191,1542.0,183287.0,24000.0,0.32,-0.81,-0.99,10000.0
616,2014-09-09,여름,강원,평창군,평창군,1632.02,1038.4237988463726,1542.0,183287.0,24000.0,0.21,-0.84,-1.03,10000.0
617,2014-09-10,여름,강원,평창군,평창군,1631.9,1038.3147079372818,1542.0,183287.0,24000.0,-0.45,-0.88,-1.09,10000.0
618,2014-09-11,여름,강원,평창군,평창군,1630.87,1037.378344300918,1542.0,183287.0,24000.0,-0.55,-0.96,-1.2,10000.0
619,2014-09-12,여름,강원,평창군,평창군,1629.7,1036.3147079372818,1542.0,183287.0,24000.0,-0.56,-0.99,-1.18,10000.0
620,2014-09-13,여름,강원,평창군,평창군,1628.87,1035.560162482736,1542.0,183287.0,24000.0,-0.4,-0.88,-1.03,10000.0
621,2014-09-14,여름,강원,평창군,평창군,1628.63,1035.3419806645545,1542.0,183287.0,24000.0,-0.42,-0.9,-1.04,10000.0
622,2014-09-15,여름,강원,평창군,평창군,1627.66,1034.4601624827362,1542.0,183287.0,24000.0,-0.42,-0.95,-1.11,9000.0
623,2014-09-16,여름,강원,평창군,평창군,1626.36,1033.278344300918,1542.0,183287.0,24000.0,-0.43,-0.97,-1.17,9000.0
624,2014-09-17,여름,강원,평창군,평창군,1625.55,1032.5419806645543,1542.0,183287.0,24000.0,-0.49,-0.99,-1.22,8000.0
625,2014-09-18,여름,강원,평창군,평창군,1624.49,1031.578344300918,1542.0,183287.0,24000.0,-0.7,-0.96,-1.24,8000.0
626,2014-09-19,여름,강원,평창군,평창군,1623.98,1031.1147079372818,1542.0,183287.0,24000.0,-0.76,-0.93,-1.22,8000.0
627,2014-09-20,여름,강원,평창군,평창군,1621.98,1029.2965261190998,1542.0,183287.0,24000.0,-0.74,-0.95,-1.22,8000.0
628,2014-09-21,여름,강원,평창군,평창군,1621.8,1029.132889755463,1542.0,183287.0,24000.0,-0.95,-0.97,-1.26,8000.0
629,2014-09-22,여름,강원,평창군,평창군,1621.02,1028.4237988463726,1542.0,183287.0,24000.0,-0.97,-1.06,-1.36,7500.0
630,2014-09-23,여름,강원,평창군,평창군,1620.04,1027.5328897554634,1542.0,183287.0,24000.0,-0.86,-1.07,-1.35,7500.0
631,2014-09-24,여름,강원,평창군,평창군,1618.79,1026.3965261191,1542.0,183287.0,24000.0,-0.75,-1.02,-1.36,7500.0
632,2014-09-25,여름,강원,평창군,평창군,1618.24,1025.8965261191,1542.0,183287.0,24000.0,-0.51,-0.85,-1.2,7500.0
633,2014-09-26,여름,강원,평창군,평창군,1617.23,1024.978344300918,1542.0,183287.0,24000.0,-0.64,-0.84,-1.25,7500.0
634,2014-09-27,여름,강원,평창군,평창군,1616.41,1024.2328897554637,1542.0,183287.0,24000.0,-0.52,-0.84,-1.27,7500.0
635,2014-09-28,여름,강원,평창군,평창군,1615.76,1023.6419806645544,1542.0,183287.0,24000.0,-0.48,-0.81,-1.28,7500.0
636,2014-09-29,여름,강원,평창군,평창군,1615.6,1023.4965261190996,1542.0,183287.0,24000.0,-0.44,-0.77,-1.31,7000.0
637,2014-09-30,여름,강원,평창군,평창군,1614.27,1022.2874352100088,1542.0,183287.0,24000.0,-0.42,-0.72,-1.28,7000.0
638,2014-10-01,여름,강원,평창군,평창군,1612.75,1020.9056170281908,1542.0,183287.0,24000.0,-0.35,-0.67,-1.21,7000.0
639,2014-10-02,여름,강원,평창군,평창군,1611.11,1019.4147079372816,1542.0,183287.0,24000.0,-0.33,-0.74,-1.23,7000.0
640,2014-10-03,여름,강원,평창군,평창군,1609.84,1018.260162482736,1542.0,183287.0,24000.0,-0.24,-0.71,-1.26,7000.0
641,2014-10-04,여름,강원,평창군,평창군,1609.58,1018.0237988463724,1542.0,183287.0,24000.0,-0.77,-0.69,-1.26,7000.0
642,2014-10-05,여름,강원,평창군,평창군,1609.12,1017.6056170281906,1542.0,183287.0,24000.0,-0.75,-0.65,-1.26,7000.0
643,2014-10-06,여름,강원,평창군,평창군,1608.53,1017.069253391827,1542.0,183287.0,24000.0,-0.77,-0.66,-1.3,6500.0
644,2014-10-07,여름,강원,평창군,평창군,1606.4,1015.1328897554636,1542.0,183287.0,24000.0,-0.71,-0.66,-1.31,6000.0
645,2014-10-08,여름,강원,평창군,평창군,1605.3,1014.1328897554632,1542.0,183287.0,24000.0,-0.72,-0.64,-1.33,5500.0
646,2014-10-09,여름,강원,평창군,평창군,1604.18,1013.1147079372817,1542.0,183287.0,24000.0,-0.71,-0.63,-1.38,5500.0
647,2014-10-10,여름,강원,평창군,평창군,1603.87,1012.8328897554634,1542.0,183287.0,24000.0,-0.69,-0.61,-1.4,5500.0
648,2014-10-11,여름,강원,평창군,평창군,1603.46,1012.4601624827362,1542.0,183287.0,24000.0,-0.59,-0.55,-1.4,5500.0
649,2014-10-12,여름,강원,평창군,평창군,1603.03,1012.069253391827,1542.0,183287.0,24000.0,-0.48,-0.55,-1.45,5500.0
650,2014-10-13,여름,강원,평창군,평창군,1602.28,1011.3874352100088,1542.0,183287.0,24000.0,-0.82,-0.54,-1.51,5000.0
651,2014-10-14,여름,강원,평창군,평창군,1601.42,1010.6056170281907,1542.0,183287.0,24000.0,0.02,-0.22,-0.99,5000.0
652,2014-10-15,여름,강원,평창군,평창군,1600.63,1009.887435210009,1542.0,183287.0,24000.0,0.09,-0.15,-1.06,5000.0
653,2014-10-16,여름,강원,평창군,평창군,1599.63,1008.978344300918,1542.0,183287.0,24000.0,0.19,-0.12,-1.1,5000.0
654,2014-10-17,여름,강원,평창군,평창군,1598.19,1007.6692533918272,1542.0,183287.0,24000.0,0.29,-0.11,-1.16,5000.0
655,2014-10-18,여름,강원,평창군,평창군,1597.04,1006.6237988463724,1542.0,183287.0,24000.0,0.31,-0.09,-1.17,5000.0
656,2014-10-19,여름,강원,평창군,평창군,1596.2,1005.8601624827362,1542.0,183287.0,24000.0,0.33,-0.09,-1.18,5000.0
657,2014-10-20,여름,강원,평창군,평창군,1595.7,1005.4056170281908,1542.0,183287.0,24000.0,0.32,-0.08,-1.2,5000.0
658,2014-10-21,여름,강원,평창군,평창군,1592.76,1002.7328897554636,1542.0,183287.0,24000.0,0.42,-0.02,-1.1,5000.0
659,2014-10-22,여름,강원,평창군,평창군,1591.34,1001.4419806645544,1542.0,183287.0,24000.0,0.91,0.19,-0.62,5000.0
660,2014-10-23,여름,강원,평창군,평창군,1589.05,999.360162482736,1542.0,183287.0,24000.0,0.93,0.18,-0.7,5000.0
661,2014-10-24,여름,강원,평창군,평창군,1587.39,997.8510715736454,1542.0,183287.0,24000.0,0.92,0.16,-0.77,5000.0
662,2014-10-25,여름,강원,평창군,평창군,1585.5,996.1328897554636,1542.0,183287.0,24000.0,0.84,0.19,-0.81,5000.0
663,2014-10-26,여름,강원,평창군,평창군,1584.83,995.5237988463724,1542.0,183287.0,24000.0,0.88,0.26,-0.83,5000.0
664,2014-10-27,여름,강원,평창군,평창군,1583.23,994.069253391827,1542.0,183287.0,24000.0,0.91,0.28,-0.85,5000.0
665,2014-10-28,여름,강원,평창군,평창군,1581.08,992.1147079372817,1542.0,183287.0,24000.0,0.94,0.28,-0.86,4000.0
666,2014-10-29,가을,전남,해남군,해남군,1565.87,970.8296963603864,1648.0,1698000.0,24000.0,0.46,0.4,-0.47,4000.0
667,2014-10-30,가을,전남,해남군,해남군,1564.68,969.7478781785684,1648.0,1698000.0,24000.0,0.4,0.42,-0.5,4000.0
668,2014-10-31,가을,전남,해남군,해남군,1562.96,968.184241814932,1648.0,1698000.0,24000.0,0.46,0.44,-0.52,4000.0
669,2014-11-01,가을,전남,해남군,해남군,1560.32,965.784241814932,1648.0,1698000.0,0.0,1.12,-0.09,-0.14,4000.0
670,2014-11-02,가을,전남,해남군,해남군,1559.34,964.8933327240228,1648.0,1698000.0,0.0,1.14,-0.25,-0.22,4000.0
671,2014-11-03,가을,전남,해남군,해남군,1557.7,963.402423633114,1648.0,1698000.0,0.0,1.19,-0.43,-0.21,4000.0
672,2014-11-04,가을,전남,해남군,해남군,1554.94,960.893332724023,1648.0,1698000.0,0.0,1.2,-0.44,-0.24,4000.0
673,2014-11-05,가을,전남,해남군,해남군,1553.25,959.3569690876592,1648.0,1698000.0,0.0,1.39,-0.44,-0.27,4000.0
674,2014-11-06,가을,전남,해남군,해남군,1550.39,956.7569690876594,1648.0,1698000.0,0.0,1.42,-0.4,-0.31,4000.0
675,2014-11-07,가을,전남,해남군,해남군,1548.64,955.1660599967504,1648.0,1698000.0,0.0,1.39,-0.39,-0.35,4000.0
676,2014-11-08,가을,전남,해남군,해남군,1547.23,953.884241814932,1648.0,1698000.0,0.0,1.5,-0.39,-0.37,4000.0
677,2014-11-09,가을,전남,해남군,해남군,1545.99,952.7569690876594,1648.0,1698000.0,0.0,1.51,-0.31,-0.39,4000.0
678,2014-11-10,가을,전남,해남군,해남군,1545.19,952.0296963603868,1648.0,1698000.0,0.0,1.57,-0.28,-0.41,4000.0
679,2014-11-11,가을,전남,해남군,해남군,1543.77,950.7387872694776,1648.0,1698000.0,0.0,1.99,-0.27,-0.45,4000.0
680,2014-11-12,가을,전남,해남군,해남군,1542.61,949.684241814932,1648.0,1698000.0,0.0,1.81,-0.2,-0.47,4000.0
681,2014-11-13,가을,전남,해남군,해남군,1541.86,949.0024236331138,1648.0,1698000.0,0.0,1.78,-0.16,-0.42,4000.0
682,2014-11-14,가을,전남,해남군,해남군,1540.4,947.6751509058412,1648.0,1698000.0,0.0,1.72,-0.16,-0.44,4000.0
683,2014-11-15,가을,전남,해남군,해남군,1539.8,947.1296963603866,1648.0,1698000.0,0.0,1.71,-0.1,-0.46,4000.0
684,2014-11-16,가을,전남,해남군,해남군,1538.59,946.0296963603864,1648.0,1698000.0,0.0,1.75,-0.05,-0.48,4000.0
685,2014-11-17,가을,전남,해남군,해남군,1537.59,945.1206054512955,1648.0,1698000.0,0.0,1.75,-0.15,-0.48,4000.0
686,2014-11-18,가을,전남,해남군,해남군,1536.33,943.9751509058412,1648.0,1698000.0,0.0,1.7,-0.15,-0.5,4000.0
687,2014-11-19,가을,전남,해남군,해남군,1534.64,942.4387872694776,1648.0,1698000.0,0.0,1.4,-0.17,-0.52,4000.0
688,2014-11-20,가을,전남,해남군,해남군,1533.91,941.7751509058412,1648.0,1698000.0,0.0,1.3,-0.11,-0.56,4000.0
689,2014-11-21,가을,전남,해남군,해남군,1531.81,939.8660599967502,1648.0,1698000.0,0.0,0.93,-0.07,-0.56,4000.0
690,2014-11-22,가을,전남,해남군,해남군,1529.85,938.084241814932,1648.0,1698000.0,0.0,-0.1,-0.05,-0.57,4000.0
691,2014-11-23,가을,전남,해남군,해남군,1528.97,937.284241814932,1648.0,1698000.0,0.0,-0.14,-0.09,-0.58,4000.0
692,2014-11-24,가을,전남,해남군,해남군,1527.79,936.2115145422048,1648.0,1698000.0,0.0,-0.1,-0.29,-0.6,4000.0
693,2014-11-25,가을,전남,해남군,해남군,1526.15,934.7206054512958,1648.0,1698000.0,0.0,1.28,0.1,0.26,4000.0
694,2014-11-26,가을,전남,해남군,해남군,1524.27,933.0115145422048,1648.0,1698000.0,0.0,1.17,0.12,0.11,4000.0
695,2014-11-27,가을,전남,해남군,해남군,1522.0,930.9478781785684,1648.0,1698000.0,0.0,1.21,0.14,0.05,4000.0
696,2014-11-28,가을,전남,해남군,해남군,1520.87,929.9206054512956,1648.0,1698000.0,0.0,1.2,0.11,-0.02,4000.0
697,2014-11-29,가을,전남,해남군,해남군,1518.88,928.1115145422048,1648.0,1698000.0,0.0,1.3,0.26,0.01,4000.0
698,2014-11-30,가을,전남,해남군,해남군,1517.33,926.7024236331138,1648.0,1698000.0,0.0,1.22,0.3,-0.06,4000.0
699,2014-12-01,가을,전남,해남군,해남군,1513.26,923.002423633114,1648.0,1698000.0,48360.0,0.98,0.44,0.28,4000.0
700,2014-12-02,가을,전남,해남군,해남군,1510.35,920.3569690876592,1648.0,1698000.0,48360.0,1.03,0.58,0.24,4000.0
701,2014-12-03,가을,전남,해남군,해남군,1508.12,918.3296963603864,1648.0,1698000.0,48360.0,0.96,0.55,0.19,4000.0
702,2014-12-04,가을,전남,해남군,해남군,1504.97,915.4660599967503,1648.0,1698000.0,48360.0,0.96,0.58,0.15,4000.0
703,2014-12-05,가을,전남,해남군,해남군,1503.39,914.0296963603868,1648.0,1698000.0,48360.0,0.89,0.61,0.08,4000.0
704,2014-12-06,가을,전남,해남군,해남군,1501.67,912.4660599967503,1648.0,1698000.0,48360.0,1.16,0.71,0.23,4000.0
705,2014-12-07,가을,전남,해남군,해남군,1500.5,911.402423633114,1648.0,1698000.0,48360.0,1.17,0.71,0.17,4000.0
706,2014-12-08,가을,전남,해남군,해남군,1499.51,910.502423633114,1648.0,1698000.0,48360.0,1.18,0.74,0.14,4000.0
707,2014-12-09,가을,전남,해남군,해남군,1497.43,908.6115145422048,1648.0,1698000.0,48360.0,1.27,0.86,0.22,4000.0
708,2014-12-10,가을,전남,해남군,해남군,1494.23,905.702423633114,1648.0,1698000.0,48360.0,1.31,0.88,0.18,4000.0
709,2014-12-11,가을,전남,해남군,해남군,1490.71,902.502423633114,1648.0,1698000.0,48360.0,1.31,0.91,0.15,4000.0
710,2014-12-12,가을,전남,해남군,해남군,1487.23,899.3387872694775,1648.0,1698000.0,48360.0,1.32,0.95,0.13,4000.0
711,2014-12-13,가을,전남,해남군,해남군,1483.62,896.0569690876592,1648.0,1698000.0,48360.0,1.31,1.0,0.16,4000.0
712,2014-12-14,가을,전남,해남군,해남군,1481.83,894.4296963603865,1648.0,1698000.0,48360.0,1.39,1.05,0.17,4000.0
713,2014-12-15,가을,전남,해남군,해남군,1478.88,891.7478781785685,1648.0,1698000.0,48360.0,1.42,1.13,0.13,4000.0
714,2014-12-16,가을,전남,해남군,해남군,1474.82,888.0569690876594,1648.0,1698000.0,48360.0,1.45,1.22,0.14,4000.0
715,2014-12-17,가을,전남,해남군,해남군,1470.41,884.0478781785685,1648.0,1698000.0,48360.0,1.58,1.39,0.32,4000.0
716,2014-12-18,가을,전남,해남군,해남군,1466.19,880.2115145422049,1648.0,1698000.0,48360.0,1.82,1.51,0.68,4000.0
717,2014-12-19,가을,전남,해남군,해남군,1459.91,874.502423633114,1648.0,1698000.0,48360.0,2.05,1.51,0.57,4000.0
718,2014-12-20,가을,전남,해남군,해남군,1455.44,870.4387872694776,1648.0,1698000.0,48360.0,2.06,1.58,0.53,4000.0
719,2014-12-21,가을,전남,해남군,해남군,1453.3,868.4933327240229,1648.0,1698000.0,48360.0,2.12,1.65,0.6,4000.0
720,2014-12-22,가을,전남,해남군,해남군,1449.77,865.2842418149321,1648.0,1698000.0,48360.0,2.25,1.7,0.6,4000.0
721,2014-12-23,가을,전남,해남군,해남군,1443.5,859.584241814932,1648.0,1698000.0,48360.0,2.29,1.59,0.57,4000.0
722,2014-12-24,가을,전남,해남군,해남군,1437.49,854.1206054512957,1648.0,1698000.0,48360.0,2.29,1.26,0.54,4000.0
723,2014-12-25,가을,전남,해남군,해남군,1433.03,850.0660599967503,1648.0,1698000.0,48360.0,1.65,1.26,0.52,4000.0
724,2014-12-26,가을,전남,해남군,해남군,1429.34,846.7115145422047,1648.0,1698000.0,48360.0,1.94,1.26,0.5,4000.0
725,2014-12-27,가을,전남,해남군,해남군,1425.35,843.084241814932,1648.0,1698000.0,48360.0,1.92,1.26,0.48,4000.0
726,2014-12-28,가을,전남,해남군,해남군,1423.53,841.4296963603866,1648.0,1698000.0,48360.0,1.92,1.27,0.45,4000.0
727,2014-12-29,가을,전남,해남군,해남군,1421.16,839.2751509058412,1648.0,1698000.0,48360.0,1.9,1.29,0.43,4000.0
728,2014-12-30,가을,전남,해남군,해남군,1415.85,834.4478781785683,1648.0,1698000.0,48360.0,2.13,1.48,0.42,4000.0
729,2014-12-31,가을,전남,해남군,해남군,1412.28,831.2024236331139,1648.0,1698000.0,48360.0,1.57,1.51,0.39,4000.0
730,2015-01-01,가을,전남,해남군,해남군,1407.71,827.0478781785685,1791.0,1436000.0,0.0,1.47,1.52,0.37,4000.0
731,2015-01-02,가을,전남,해남군,해남군,1403.88,823.5660599967504,1791.0,1436000.0,0.0,1.55,1.53,0.4,4000.0
732,2015-01-03,가을,전남,해남군,해남군,1400.32,820.3296963603866,1791.0,1436000.0,0.0,1.53,1.54,0.38,4000.0
733,2015-01-04,가을,전남,해남군,해남군,1398.09,818.3024236331138,1791.0,1436000.0,0.0,1.56,1.68,0.36,4000.0
734,2015-01-05,가을,전남,해남군,해남군,1395.11,815.593332724023,1791.0,1436000.0,0.0,1.31,1.71,0.33,4000.0
735,2015-01-06,가을,전남,해남군,해남군,1390.53,811.4296963603866,1791.0,1436000.0,0.0,1.44,1.72,0.38,4000.0
736,2015-01-07,겨울,전남,해남군,해남군,1385.55,806.9024236331138,2918.0,294272.0,0.0,1.5,1.84,0.37,4000.0
737,2015-01-08,겨울,전남,해남군,해남군,1380.91,802.6842418149322,2918.0,294272.0,0.0,1.33,1.83,0.33,4000.0
738,2015-01-09,겨울,전남,해남군,해남군,1377.04,799.1660599967502,2918.0,294272.0,0.0,1.33,1.85,0.31,4000.0
739,2015-01-10,겨울,전남,해남군,해남군,1372.4,794.9478781785685,2918.0,294272.0,0.0,1.4,1.95,0.29,4000.0
740,2015-01-11,겨울,전남,해남군,해남군,1370.34,793.0751509058412,2918.0,294272.0,0.0,1.38,1.95,0.29,4000.0
741,2015-01-12,겨울,전남,해남군,해남군,1367.28,790.293332724023,2918.0,294272.0,0.0,1.26,1.93,0.26,4000.0
742,2015-01-13,겨울,전남,해남군,해남군,1361.61,785.1387872694775,2918.0,294272.0,0.0,1.16,1.99,0.24,4000.0
743,2015-01-14,겨울,전남,해남군,해남군,1354.7,778.8569690876594,2918.0,294272.0,0.0,1.29,2.0,0.22,4000.0
744,2015-01-15,겨울,전남,해남군,해남군,1349.15,773.8115145422049,2918.0,294272.0,0.0,1.3,2.01,0.23,4000.0
745,2015-01-16,겨울,전남,해남군,해남군,1342.22,767.5115145422048,2918.0,294272.0,0.0,0.83,2.01,0.21,4000.0
746,2015-01-17,겨울,전남,해남군,해남군,1337.37,763.1024236331139,2918.0,294272.0,0.0,-0.22,1.98,0.17,4000.0
747,2015-01-18,겨울,전남,해남군,해남군,1334.15,760.1751509058413,2918.0,294272.0,0.0,-0.37,1.95,0.14,4000.0
748,2015-01-19,겨울,전남,해남군,해남군,1329.15,755.6296963603867,2918.0,294272.0,0.0,-0.37,1.94,0.13,4000.0
749,2015-01-20,겨울,전남,해남군,해남군,1320.33,747.6115145422048,2918.0,294272.0,0.0,-0.73,1.8,0.11,4000.0
750,2015-01-21,겨울,전남,해남군,해남군,1315.36,743.093332724023,2918.0,294272.0,0.0,-0.98,1.48,0.08,4000.0
751,2015-01-22,겨울,전남,해남군,해남군,1308.22,736.6024236331139,2918.0,294272.0,0.0,-0.92,1.48,0.1,4000.0
752,2015-01-23,겨울,전남,해남군,해남군,1302.21,731.1387872694776,2918.0,294272.0,0.0,-0.91,1.51,0.06,4000.0
753,2015-01-24,겨울,전남,해남군,해남군,1296.66,726.0933327240231,2918.0,294272.0,0.0,-0.98,1.5,0.0,4000.0
754,2015-01-25,겨울,전남,해남군,해남군,1291.65,721.5387872694776,2918.0,294272.0,0.0,-0.99,1.48,-0.01,4000.0
755,2015-01-26,겨울,전남,해남군,해남군,1287.26,717.5478781785685,2918.0,294272.0,0.0,-0.09,1.66,0.3,4000.0
756,2015-01-27,겨울,전남,해남군,해남군,1283.36,714.0024236331138,2918.0,294272.0,0.0,-0.05,1.69,0.24,4000.0
757,2015-01-28,겨울,전남,해남군,해남군,1277.98,709.1115145422048,2918.0,294272.0,0.0,-0.03,1.73,0.2,4000.0
758,2015-01-29,겨울,전남,해남군,해남군,1272.97,704.5569690876594,2918.0,294272.0,0.0,-0.1,1.69,0.18,4000.0
759,2015-01-30,겨울,전남,해남군,해남군,1270.14,701.9842418149321,2918.0,294272.0,0.0,0.38,1.38,0.43,4000.0
760,2015-01-31,겨울,전남,해남군,해남군,1266.68,698.8387872694776,2918.0,294272.0,0.0,0.37,1.38,0.4,4000.0
761,2015-02-01,겨울,전남,해남군,해남군,1265.25,697.5387872694776,2918.0,294272.0,17000.0,0.22,1.32,0.36,4000.0
762,2015-02-02,겨울,전남,해남군,해남군,1262.34,694.8933327240229,2918.0,294272.0,17000.0,0.08,1.29,0.34,4000.0
763,2015-02-03,겨울,전남,해남군,해남군,1259.73,692.5206054512958,2918.0,294272.0,17000.0,0.06,1.29,0.3,4000.0
764,2015-02-04,겨울,전남,해남군,해남군,1257.27,690.2842418149321,2918.0,294272.0,17000.0,0.04,1.4,0.27,4000.0
765,2015-02-05,겨울,전남,해남군,해남군,1255.88,689.0206054512958,2918.0,294272.0,17000.0,-0.1,1.42,0.27,4000.0
766,2015-02-06,겨울,전남,해남군,해남군,1255.17,688.3751509058412,2918.0,294272.0,17000.0,-0.07,1.44,0.31,4000.0
767,2015-02-07,겨울,전남,해남군,해남군,1254.45,687.7206054512958,2918.0,294272.0,17000.0,-0.09,1.43,0.3,4000.0
768,2015-02-08,겨울,전남,해남군,해남군,1253.55,686.9024236331138,2918.0,294272.0,17000.0,-0.03,1.46,0.29,4000.0
769,2015-02-09,겨울,전남,해남군,해남군,1253.9,687.2206054512958,2918.0,294272.0,17000.0,-0.02,1.46,0.21,4000.0
770,2015-02-10,겨울,전남,해남군,해남군,1253.56,686.9115145422047,2918.0,294272.0,17000.0,-0.16,1.47,0.17,4000.0
771,2015-02-11,겨울,전남,해남군,해남군,1256.9,689.9478781785685,2918.0,294272.0,17000.0,-0.21,1.44,0.11,4000.0
772,2015-02-12,겨울,전남,해남군,해남군,1259.07,691.9206054512956,2918.0,294272.0,17000.0,-0.17,1.47,0.04,4500.0
773,2015-02-13,겨울,전남,해남군,해남군,1261.61,694.2296963603865,2918.0,294272.0,17000.0,-0.2,1.47,0.02,4500.0
774,2015-02-14,겨울,전남,해남군,해남군,1265.54,697.8024236331139,2918.0,294272.0,17000.0,-0.31,1.46,-0.01,4500.0
775,2015-02-15,겨울,전남,해남군,해남군,1267.71,699.7751509058412,2918.0,294272.0,17000.0,-0.39,1.43,-0.02,4500.0
776,2015-02-16,겨울,전남,해남군,해남군,1272.14,703.802423633114,2918.0,294272.0,17000.0,0.1,1.58,0.28,4500.0
777,2015-02-17,겨울,전남,해남군,해남군,1278.41,709.502423633114,2918.0,294272.0,17000.0,0.12,1.66,0.2,4500.0
778,2015-02-18,겨울,전남,해남군,해남군,1284.61,715.1387872694775,2918.0,294272.0,17000.0,0.04,1.6,0.13,4500.0
779,2015-02-19,겨울,전남,해남군,해남군,1285.62,716.0569690876592,2918.0,294272.0,17000.0,-0.01,1.6,0.06,4500.0
780,2015-02-20,겨울,전남,해남군,해남군,1286.53,716.884241814932,2918.0,294272.0,17000.0,-0.05,1.61,0.01,4500.0
781,2015-02-21,겨울,전남,해남군,해남군,1287.63,717.8842418149322,2918.0,294272.0,17000.0,-0.09,1.65,0.0,4500.0
782,2015-02-22,겨울,전남,해남군,해남군,1287.8,718.0387872694776,2918.0,294272.0,17000.0,0.05,1.69,0.11,4500.0
783,2015-02-23,겨울,전남,해남군,해남군,1289.67,719.7387872694776,2918.0,294272.0,17000.0,0.06,0.86,0.01,4000.0
784,2015-02-24,겨울,전남,해남군,해남군,1292.0,721.8569690876593,2918.0,294272.0,17000.0,0.04,0.88,-0.09,4000.0
785,2015-02-25,겨울,전남,해남군,해남군,1293.91,723.5933327240231,2918.0,294272.0,17000.0,-0.38,0.88,-0.1,4000.0
786,2015-02-26,겨울,전남,해남군,해남군,1296.17,725.6478781785685,2918.0,294272.0,17000.0,-0.4,0.83,-0.19,4000.0
787,2015-02-27,겨울,전남,해남군,해남군,1298.7,727.9478781785685,2918.0,294272.0,17000.0,-0.43,0.75,-0.21,4000.0
788,2015-02-28,겨울,전남,해남군,해남군,1300.31,729.4115145422047,2918.0,294272.0,17000.0,-0.46,0.74,-0.23,4000.0
789,2015-03-01,겨울,전남,해남군,해남군,1301.93,730.8842418149321,2918.0,294272.0,7000.0,-0.73,0.36,-0.16,4000.0
790,2015-03-02,겨울,전남,해남군,해남군,1305.05,733.7206054512957,2918.0,294272.0,7000.0,-0.74,0.3,-0.17,4000.0
791,2015-03-03,겨울,전남,해남군,해남군,1306.34,734.8933327240229,2918.0,294272.0,7000.0,-0.75,0.28,-0.22,4000.0
792,2015-03-04,겨울,전남,해남군,해남군,1308.3,736.6751509058411,2918.0,294272.0,7000.0,-0.69,0.3,-0.24,4000.0
793,2015-03-05,겨울,전남,해남군,해남군,1309.92,738.1478781785685,2918.0,294272.0,7000.0,-0.73,0.31,-0.3,4000.0
794,2015-03-06,겨울,전남,해남군,해남군,1310.99,739.1206054512957,2918.0,294272.0,7000.0,-0.76,0.08,-0.34,4000.0
795,2015-03-07,겨울,전남,해남군,해남군,1312.97,740.9206054512957,2918.0,294272.0,7000.0,-0.78,0.09,-0.39,4000.0
796,2015-03-08,겨울,전남,해남군,해남군,1313.54,741.4387872694775,2918.0,294272.0,7000.0,-0.96,0.07,-0.48,4000.0
797,2015-03-09,겨울,전남,해남군,해남군,1316.86,744.4569690876592,2918.0,294272.0,7000.0,-0.95,-0.05,-0.48,4000.0
798,2015-03-10,겨울,전남,해남군,해남군,1318.48,745.9296963603866,2918.0,294272.0,7000.0,-0.99,-0.09,-0.49,4000.0
799,2015-03-11,겨울,전남,해남군,해남군,1321.26,748.4569690876593,2918.0,294272.0,7000.0,-1.05,-0.14,-0.57,4000.0
800,2015-03-12,겨울,전남,해남군,해남군,1322.29,749.3933327240229,2918.0,294272.0,7000.0,-1.1,-0.14,-0.61,4500.0
801,2015-03-13,겨울,전남,해남군,해남군,1322.94,749.9842418149321,2918.0,294272.0,7000.0,-1.14,-0.2,-0.61,4500.0
802,2015-03-14,겨울,전남,해남군,해남군,1323.54,750.5296963603867,2918.0,294272.0,7000.0,-1.2,-0.29,-0.64,4500.0
803,2015-03-15,겨울,전남,해남군,해남군,1323.87,750.8296963603865,2918.0,294272.0,7000.0,-1.26,-0.36,-0.75,4500.0
804,2015-03-16,겨울,전남,해남군,해남군,1325.02,751.8751509058411,2918.0,294272.0,7000.0,-1.45,-0.44,-0.84,4500.0
805,2015-03-17,겨울,전남,해남군,해남군,1325.5,752.3115145422048,2918.0,294272.0,7000.0,-1.54,-0.88,-1.0,4500.0
806,2015-03-18,겨울,전남,해남군,해남군,1325.56,752.3660599967502,2918.0,294272.0,7000.0,-1.89,-1.76,-1.02,4500.0
807,2015-03-19,겨울,전남,해남군,해남군,1325.29,752.1206054512957,2918.0,294272.0,7000.0,-0.89,-0.76,-0.13,4500.0
808,2015-03-20,겨울,전남,해남군,해남군,1324.71,751.593332724023,2918.0,294272.0,7000.0,-0.88,-0.84,-0.3,4500.0
809,2015-03-21,겨울,전남,해남군,해남군,1323.91,750.8660599967503,2918.0,294272.0,7000.0,-0.88,-1.04,-0.37,4500.0
810,2015-03-22,겨울,전남,해남군,해남군,1323.63,750.6115145422049,2918.0,294272.0,7000.0,-0.93,-1.13,-0.53,4500.0
811,2015-03-23,겨울,전남,해남군,해남군,1323.62,750.6024236331139,2918.0,294272.0,7000.0,-1.01,-1.19,-0.58,5000.0
812,2015-03-24,겨울,전남,해남군,해남군,1322.82,749.8751509058411,2918.0,294272.0,7000.0,-1.2,-1.24,-0.67,5000.0
813,2015-03-25,겨울,전남,해남군,해남군,1322.32,749.4206054512956,2918.0,294272.0,7000.0,-1.11,-1.24,-0.75,5000.0
814,2015-03-26,겨울,전남,해남군,해남군,1321.55,748.7206054512957,2918.0,294272.0,7000.0,-1.04,-1.31,-0.79,5000.0
815,2015-03-27,겨울,전남,해남군,해남군,1321.57,748.7387872694775,2918.0,294272.0,7000.0,-1.03,-1.29,-0.77,5000.0
816,2015-03-28,겨울,전남,해남군,해남군,1320.89,748.1206054512958,2918.0,294272.0,7000.0,-1.03,-1.29,-0.78,5000.0
817,2015-03-29,겨울,전남,해남군,해남군,1320.78,748.0206054512958,2918.0,294272.0,7000.0,-1.04,-1.28,-0.8,5000.0
818,2015-03-30,겨울,전남,해남군,해남군,1320.95,748.1751509058412,2918.0,294272.0,7000.0,-1.07,-1.35,-0.84,5000.0
819,2015-03-31,겨울,전남,해남군,해남군,1320.56,747.8206054512957,2918.0,294272.0,7000.0,-1.15,-1.35,-0.86,5000.0
820,2015-04-01,겨울,전남,해남군,해남군,1319.95,747.2660599967503,2918.0,294272.0,24000.0,-1.12,-1.33,-0.84,5000.0
821,2015-04-02,겨울,전남,해남군,해남군,1319.6,746.9478781785683,2918.0,294272.0,24000.0,-1.15,-1.41,-0.85,5000.0
822,2015-04-03,겨울,전남,해남군,해남군,1319.1,746.4933327240229,2918.0,294272.0,24000.0,-1.07,-1.42,-0.88,5000.0
823,2015-04-04,겨울,전남,해남군,해남군,1318.72,746.1478781785685,2918.0,294272.0,24000.0,-0.88,-1.25,-0.75,5000.0
824,2015-04-05,겨울,전남,해남군,해남군,1318.15,745.6296963603867,2918.0,294272.0,24000.0,0.2,-0.5,0.36,5000.0
825,2015-04-06,겨울,전남,해남군,해남군,1317.79,745.3024236331139,2918.0,294272.0,24000.0,0.25,-0.51,0.28,5000.0
826,2015-04-07,겨울,전남,해남군,해남군,1317.68,745.202423633114,2918.0,294272.0,24000.0,0.42,-0.37,0.58,5000.0
827,2015-04-08,겨울,전남,해남군,해남군,1317.48,745.0206054512958,2918.0,294272.0,24000.0,0.31,-0.46,0.39,5000.0
828,2015-04-09,겨울,전남,해남군,해남군,1317.37,744.9206054512956,2918.0,294272.0,24000.0,0.33,-0.47,0.33,5000.0
829,2015-04-10,겨울,전남,해남군,해남군,1316.98,744.5660599967503,2918.0,294272.0,24000.0,0.27,-0.56,0.05,5000.0
830,2015-04-11,겨울,전남,해남군,해남군,1316.66,744.2751509058412,2918.0,294272.0,24000.0,0.26,-0.6,-0.04,5000.0
831,2015-04-12,겨울,전남,해남군,해남군,1316.25,743.9024236331139,2918.0,294272.0,24000.0,0.24,-0.62,-0.13,5000.0
832,2015-04-13,겨울,전남,해남군,해남군,1316.13,743.7933327240231,2918.0,294272.0,24000.0,0.28,-0.53,-0.13,5000.0
833,2015-04-14,겨울,전남,해남군,해남군,1316.09,743.7569690876593,2918.0,294272.0,24000.0,0.56,-0.3,0.31,5000.0
834,2015-04-15,겨울,전남,해남군,해남군,1315.89,743.5751509058413,2918.0,294272.0,24000.0,0.66,-0.27,0.33,5000.0
835,2015-04-16,겨울,전남,해남군,해남군,1314.96,742.7296963603867,2918.0,294272.0,24000.0,0.72,-0.29,0.26,5000.0
836,2015-04-17,겨울,전남,해남군,해남군,1315.2,742.9478781785685,2918.0,294272.0,24000.0,0.72,-0.3,0.22,5000.0
837,2015-04-18,겨울,전남,해남군,해남군,1315.2,742.9478781785685,2918.0,294272.0,24000.0,0.22,-0.32,0.11,5000.0
838,2015-04-19,겨울,전남,해남군,해남군,1314.48,742.293332724023,2918.0,294272.0,24000.0,0.12,-0.37,-0.08,5000.0
839,2015-04-20,겨울,전남,해남군,해남군,1314.54,742.3478781785684,2918.0,294272.0,24000.0,0.24,-0.28,0.05,5000.0
840,2015-04-21,겨울,전남,해남군,해남군,1315.03,742.793332724023,2918.0,294272.0,24000.0,0.3,-0.27,0.07,5500.0
841,2015-04-22,겨울,전남,해남군,해남군,1315.19,742.9387872694776,2918.0,294272.0,24000.0,0.18,-0.38,-0.16,5500.0
842,2015-04-23,겨울,전남,해남군,해남군,1314.48,742.293332724023,2918.0,294272.0,24000.0,0.11,-0.42,-0.24,5500.0
843,2015-04-24,겨울,전남,해남군,해남군,1315.35,743.084241814932,2918.0,294272.0,24000.0,0.08,-0.44,-0.28,5500.0
844,2015-04-25,겨울,전남,해남군,해남군,1315.36,743.093332724023,2918.0,294272.0,24000.0,0.1,-0.46,-0.31,5500.0
845,2015-04-26,겨울,전남,해남군,해남군,1315.02,742.7842418149321,2918.0,294272.0,24000.0,0.12,-0.62,-0.34,5500.0
846,2015-04-27,겨울,전남,해남군,해남군,1315.31,743.0478781785685,2918.0,294272.0,24000.0,0.03,-0.69,-0.39,5500.0
847,2015-04-28,겨울,전남,해남군,해남군,1315.41,743.1387872694776,2918.0,294272.0,24000.0,-0.01,-0.73,-0.42,5500.0
848,2015-04-29,겨울,전남,해남군,해남군,1315.57,743.284241814932,2918.0,294272.0,24000.0,0.32,-0.46,0.25,5500.0
849,2015-04-30,겨울,전남,해남군,해남군,1315.61,743.3206054512956,2918.0,294272.0,24000.0,1.04,0.09,1.7,5500.0
850,2015-05-01,겨울,전남,해남군,해남군,1316.23,743.8842418149321,2918.0,294272.0,0.0,1.07,0.07,1.44,5500.0
851,2015-05-02,겨울,전남,해남군,해남군,1316.52,744.1478781785684,2918.0,294272.0,0.0,1.0,0.04,1.27,5500.0
852,2015-05-03,겨울,전남,해남군,해남군,1316.62,744.2387872694774,2918.0,294272.0,0.0,1.09,0.18,1.54,5500.0
853,2015-05-04,겨울,전남,해남군,해남군,1317.41,744.9569690876594,2918.0,294272.0,0.0,1.14,0.28,1.64,5500.0
854,2015-05-05,겨울,전남,해남군,해남군,1317.97,745.4660599967503,2918.0,294272.0,0.0,0.74,0.28,1.36,5500.0
855,2015-05-06,겨울,전남,해남군,해남군,1318.55,745.9933327240229,2918.0,294272.0,0.0,0.72,0.26,0.98,7000.0
856,2015-05-07,겨울,전남,해남군,해남군,1319.58,746.9296963603865,2918.0,294272.0,0.0,0.5,0.16,0.5,7000.0
857,2015-05-08,겨울,전남,해남군,해남군,1320.96,748.1842418149321,2918.0,294272.0,0.0,0.49,0.05,0.42,7000.0
858,2015-05-09,겨울,전남,해남군,해남군,1322.56,749.6387872694775,2918.0,294272.0,0.0,0.46,0.02,0.42,7000.0
859,2015-05-10,겨울,전남,해남군,해남군,1322.81,749.8660599967502,2918.0,294272.0,0.0,0.5,0.01,0.42,7000.0
860,2015-05-11,겨울,전남,해남군,해남군,1324.28,751.2024236331139,2918.0,294272.0,0.0,0.46,-0.05,0.33,7000.0
861,2015-05-12,봄,충남,예산군,서산시,1336.06,773.4700897717116,60.0,287371.0,0.0,0.17,0.14,0.34,7000.0
862,2015-05-13,봄,충남,예산군,서산시,1338.8,775.9609988626207,60.0,287371.0,0.0,0.21,0.09,0.1,7000.0
863,2015-05-14,봄,충남,예산군,서산시,1340.61,777.6064534080754,60.0,287371.0,0.0,0.06,0.01,-0.55,7000.0
864,2015-05-15,봄,충남,예산군,서산시,1342.38,779.2155443171664,60.0,287371.0,0.0,-0.07,0.01,-0.55,7000.0
865,2015-05-16,봄,충남,예산군,서산시,1344.66,781.2882715898936,60.0,287371.0,0.0,-0.07,0.0,-0.55,7000.0
866,2015-05-17,봄,충남,예산군,서산시,1345.2,781.7791806808027,60.0,287371.0,0.0,-0.17,-0.05,-0.55,7000.0
867,2015-05-18,봄,충남,예산군,서산시,1349.33,785.5337261353482,60.0,287371.0,0.0,-0.19,-0.17,-0.55,10000.0
868,2015-05-19,봄,충남,예산군,서산시,1349.46,785.6519079535299,60.0,287371.0,0.0,-0.28,-0.23,-0.55,11000.0
869,2015-05-20,봄,충남,예산군,서산시,1350.96,787.0155443171664,60.0,287371.0,0.0,-0.64,-0.19,-0.43,11000.0
870,2015-05-21,봄,충남,예산군,서산시,1352.17,788.1155443171663,60.0,287371.0,0.0,-0.77,-0.2,-0.49,10000.0
871,2015-05-22,봄,충남,예산군,서산시,1354.09,789.8609988626208,60.0,287371.0,0.0,-0.7,-0.21,-0.53,10000.0
872,2015-05-23,봄,충남,예산군,서산시,1355.45,791.0973624989845,60.0,287371.0,0.0,-0.69,-0.36,-0.63,10000.0
873,2015-05-24,봄,충남,예산군,서산시,1356.38,791.9428170444392,60.0,287371.0,0.0,-0.64,-0.35,-0.61,10000.0
874,2015-05-25,봄,충남,예산군,서산시,1357.41,792.8791806808028,60.0,287371.0,0.0,-0.67,-0.39,-0.71,10000.0
875,2015-05-26,봄,충남,예산군,서산시,1358.38,793.7609988626209,60.0,287371.0,0.0,-0.76,-0.46,-0.79,10000.0
876,2015-05-27,봄,충남,예산군,서산시,1359.77,795.0246352262573,60.0,287371.0,0.0,-0.74,-0.48,-0.71,10000.0
877,2015-05-28,봄,충남,예산군,서산시,1360.5,795.6882715898935,60.0,287371.0,0.0,-0.77,-0.55,-0.77,10000.0
878,2015-05-29,봄,충남,예산군,서산시,1361.2,796.3246352262572,60.0,287371.0,0.0,-0.71,-0.55,-0.83,10000.0
879,2015-05-30,봄,충남,예산군,서산시,1361.91,796.9700897717119,60.0,287371.0,0.0,-1.11,-0.54,-0.83,10000.0
880,2015-05-31,봄,충남,예산군,서산시,1362.28,797.3064534080754,60.0,287371.0,0.0,-1.0,-0.49,-0.76,10000.0
881,2015-06-01,봄,충남,예산군,서산시,1363.56,798.4700897717116,60.0,287371.0,253004.0,-0.91,-0.49,-0.81,10000.0
882,2015-06-02,봄,충남,예산군,서산시,1364.52,799.342817044439,60.0,287371.0,253004.0,-1.03,-0.54,-0.85,10000.0
883,2015-06-03,봄,충남,예산군,서산시,1364.97,799.75190795353,60.0,287371.0,253004.0,-1.15,-0.56,-1.05,9000.0
884,2015-06-04,봄,충남,예산군,서산시,1365.54,800.2700897717118,60.0,287371.0,253004.0,-1.15,-0.57,-1.09,8000.0
885,2015-06-05,봄,충남,예산군,서산시,1366.09,800.7700897717116,60.0,287371.0,253004.0,-1.2,-0.61,-1.29,8000.0
886,2015-06-06,봄,충남,예산군,서산시,1366.28,800.9428170444389,60.0,287371.0,253004.0,-1.13,-0.62,-1.33,8000.0
887,2015-06-07,봄,충남,예산군,서산시,1366.34,800.9973624989843,60.0,287371.0,253004.0,-1.01,-0.63,-1.4,8000.0
888,2015-06-08,봄,충남,예산군,서산시,1366.95,801.55190795353,60.0,287371.0,253004.0,-1.09,-0.63,-1.42,8000.0
889,2015-06-09,봄,충남,예산군,서산시,1367.13,801.7155443171664,60.0,287371.0,253004.0,-1.1,-0.68,-1.31,8000.0
890,2015-06-10,봄,충남,예산군,서산시,1367.43,801.9882715898937,60.0,287371.0,253004.0,-1.08,-0.68,-1.33,8000.0
891,2015-06-11,봄,충남,예산군,서산시,1367.96,802.4700897717119,60.0,287371.0,253004.0,-1.85,-0.7,-1.43,8000.0
892,2015-06-12,봄,충남,예산군,서산시,1368.26,802.7428170444391,60.0,287371.0,253004.0,-1.91,-0.64,-1.27,8000.0
893,2015-06-13,봄,충남,예산군,서산시,1368.22,802.7064534080755,60.0,287371.0,253004.0,-1.68,-0.65,-1.31,8000.0
894,2015-06-14,봄,충남,예산군,서산시,1368.02,802.5246352262573,60.0,287371.0,253004.0,-1.66,-0.65,-1.34,8000.0
895,2015-06-15,봄,충남,예산군,서산시,1368.34,802.8155443171663,60.0,287371.0,253004.0,-1.16,-0.49,-0.86,8000.0
896,2015-06-16,봄,충남,예산군,서산시,1368.69,803.1337261353481,60.0,287371.0,253004.0,-1.14,-0.49,-0.94,8000.0
897,2015-06-17,봄,충남,예산군,서산시,1369.11,803.5155443171661,60.0,287371.0,253004.0,-1.16,-0.65,-1.02,8000.0
898,2015-06-18,봄,충남,예산군,서산시,1369.38,803.7609988626209,60.0,287371.0,253004.0,-1.16,-0.69,-1.13,7000.0
899,2015-06-19,봄,충남,예산군,서산시,1369.72,804.0700897717118,60.0,287371.0,253004.0,-1.42,-0.79,-1.44,7000.0
900,2015-06-20,봄,충남,예산군,서산시,1369.85,804.1882715898935,60.0,287371.0,253004.0,-1.33,-0.79,-1.14,7000.0
901,2015-06-21,봄,충남,예산군,서산시,1369.74,804.0882715898936,60.0,287371.0,253004.0,-1.14,-0.75,-1.1,7000.0
902,2015-06-22,봄,충남,예산군,서산시,1370.02,804.342817044439,60.0,287371.0,253004.0,-1.19,-0.74,-1.09,7000.0
903,2015-06-23,봄,충남,예산군,서산시,1369.9,804.2337261353482,60.0,287371.0,253004.0,-1.22,-0.71,-1.12,7000.0
904,2015-06-24,봄,충남,예산군,서산시,1369.71,804.0609988626209,60.0,287371.0,253004.0,-1.15,-0.72,-1.09,7000.0
905,2015-06-25,봄,충남,예산군,서산시,1369.66,804.0155443171664,60.0,287371.0,253004.0,-1.14,-0.76,-1.12,7000.0
906,2015-06-26,봄,충남,예산군,서산시,1369.49,803.8609988626208,60.0,287371.0,253004.0,-0.76,-0.63,-0.85,7000.0
907,2015-06-27,봄,충남,예산군,서산시,1369.36,803.7428170444389,60.0,287371.0,253004.0,-0.38,-0.46,-0.64,7000.0
908,2015-06-28,봄,충남,예산군,서산시,1369.1,803.5064534080752,60.0,287371.0,253004.0,-0.49,-0.5,-0.75,7000.0
909,2015-06-29,봄,충남,예산군,서산시,1369.19,803.5882715898936,60.0,287371.0,253004.0,-0.53,-0.52,-0.83,7000.0
910,2015-06-30,봄,충남,예산군,서산시,1369.42,803.7973624989845,60.0,287371.0,253004.0,-0.63,-0.62,-0.92,7000.0
911,2015-07-01,봄,충남,예산군,서산시,1368.43,802.8973624989846,60.0,287371.0,16170.0,-0.65,-0.67,-0.9,7000.0
912,2015-07-02,봄,충남,예산군,서산시,1367.9,802.4155443171665,60.0,287371.0,16170.0,-0.69,-1.13,-0.98,7000.0
913,2015-07-03,봄,충남,예산군,서산시,1367.95,802.460998862621,60.0,287371.0,16170.0,-0.7,-1.5,-1.04,7000.0
914,2015-07-04,봄,충남,예산군,서산시,1367.52,802.0700897717118,60.0,287371.0,16170.0,-0.73,-1.65,-1.16,7000.0
915,2015-07-05,봄,충남,예산군,서산시,1367.27,801.842817044439,60.0,287371.0,16170.0,-0.73,-1.62,-1.18,7000.0
916,2015-07-06,봄,충남,예산군,서산시,1366.95,801.55190795353,60.0,287371.0,16170.0,-0.78,-1.67,-1.2,7000.0
917,2015-07-07,봄,충남,예산군,서산시,1366.22,800.8882715898935,60.0,287371.0,16170.0,-0.85,-1.84,-1.23,7000.0
918,2015-07-08,봄,충남,예산군,서산시,1365.39,800.1337261353483,60.0,287371.0,16170.0,-0.85,-1.83,-1.28,7000.0
919,2015-07-09,봄,충남,예산군,서산시,1364.86,799.6519079535299,60.0,287371.0,16170.0,-0.91,-1.96,-1.35,7000.0
920,2015-07-10,봄,충남,예산군,서산시,1363.32,798.2519079535298,60.0,287371.0,16170.0,-1.0,-2.03,-1.49,7000.0
921,2015-07-11,봄,충남,예산군,서산시,1362.65,797.6428170444392,60.0,287371.0,16170.0,-1.08,-2.89,-1.59,7000.0
922,2015-07-12,봄,충남,예산군,서산시,1362.2,797.2337261353482,60.0,287371.0,16170.0,-0.98,-2.44,-1.42,7000.0
923,2015-07-13,봄,충남,예산군,서산시,1361.51,796.6064534080754,60.0,287371.0,16170.0,-0.59,-1.49,-0.99,7000.0
924,2015-07-14,봄,충남,예산군,서산시,1360.63,795.8064534080754,60.0,287371.0,16170.0,-0.61,-1.54,-1.07,7000.0
925,2015-07-15,봄,충남,예산군,서산시,1359.37,794.6609988626208,60.0,287371.0,16170.0,-0.75,-1.62,-1.11,7000.0
926,2015-07-16,봄,충남,예산군,서산시,1357.96,793.3791806808026,60.0,287371.0,16170.0,-0.86,-1.84,-1.22,6500.0
927,2015-07-17,봄,충남,예산군,서산시,1356.12,791.7064534080753,60.0,287371.0,16170.0,-1.02,-2.09,-1.43,6500.0
928,2015-07-18,봄,충남,예산군,서산시,1354.93,790.6246352262572,60.0,287371.0,16170.0,-1.08,-1.99,-1.43,6500.0
929,2015-07-19,봄,충남,예산군,서산시,1354.47,790.2064534080755,60.0,287371.0,16170.0,-1.0,-2.88,-1.37,6500.0
930,2015-07-20,봄,충남,예산군,서산시,1353.61,789.4246352262571,60.0,287371.0,16170.0,-1.12,-2.44,-1.58,6500.0
931,2015-07-21,봄,충남,예산군,서산시,1351.69,787.6791806808028,60.0,287371.0,16170.0,-1.18,-2.41,-1.63,6500.0
932,2015-07-22,봄,충남,예산군,서산시,1350.44,786.5428170444391,60.0,287371.0,16170.0,-1.18,-2.18,-1.65,6500.0
933,2015-07-23,봄,충남,예산군,서산시,1349.6,785.7791806808025,60.0,287371.0,16170.0,-1.22,-2.12,-1.69,6500.0
934,2015-07-24,봄,충남,예산군,서산시,1347.84,784.1791806808026,60.0,287371.0,16170.0,-1.18,-2.11,-1.55,6000.0
935,2015-07-25,봄,충남,예산군,서산시,1346.69,783.1337261353481,60.0,287371.0,16170.0,-0.88,-1.7,-1.2,6000.0
936,2015-07-26,봄,충남,예산군,서산시,1345.99,782.4973624989846,60.0,287371.0,16170.0,-0.86,-1.45,-1.03,6000.0
937,2015-07-27,봄,충남,예산군,서산시,1344.69,781.3155443171663,60.0,287371.0,16170.0,-0.97,-1.39,-1.06,6000.0
938,2015-07-28,봄,충남,예산군,서산시,1343.42,780.160998862621,60.0,287371.0,16170.0,-0.97,-1.43,-1.17,5500.0
939,2015-07-29,봄,충남,예산군,서산시,1342.16,779.0155443171664,60.0,287371.0,16170.0,-1.1,-1.72,-1.34,5500.0
940,2015-07-30,봄,충남,예산군,서산시,1340.76,777.7428170444391,60.0,287371.0,16170.0,-0.85,-1.44,-1.37,5500.0
941,2015-07-31,봄,충남,예산군,서산시,1339.81,776.8791806808026,60.0,287371.0,16170.0,-0.83,-1.41,-1.11,5500.0
942,2015-08-01,봄,충남,예산군,서산시,1336.6,773.9609988626207,60.0,287371.0,0.0,-0.76,-1.43,-1.15,5500.0
943,2015-08-02,봄,충남,예산군,서산시,1335.22,772.7064534080755,60.0,287371.0,0.0,-0.71,-1.44,-1.25,5500.0
944,2015-08-03,봄,충남,예산군,서산시,1334.1,771.6882715898935,60.0,287371.0,0.0,-0.47,-1.25,-1.17,5500.0
945,2015-08-04,봄,충남,예산군,서산시,1332.37,770.1155443171663,60.0,287371.0,0.0,-0.37,-1.24,-0.85,5500.0
946,2015-08-05,봄,충남,예산군,서산시,1330.2,768.142817044439,60.0,287371.0,0.0,-0.35,-1.22,-0.94,5500.0
947,2015-08-06,봄,충남,예산군,서산시,1328.96,767.0155443171664,60.0,287371.0,0.0,-0.33,-1.19,-0.98,6000.0
948,2015-08-07,여름,강원,정선군,평창군,1343.4,776.0419806645544,1360.0,149607.0,0.0,-1.12,-2.73,-1.82,6500.0
949,2015-08-08,여름,강원,정선군,평창군,1342.47,775.1965261190999,1360.0,149607.0,0.0,-1.52,-3.09,-1.8,6500.0
950,2015-08-09,여름,강원,정선군,평창군,1341.56,774.369253391827,1360.0,149607.0,0.0,-1.3,-3.09,-1.8,6500.0
951,2015-08-10,여름,강원,정선군,평창군,1340.47,773.378344300918,1360.0,149607.0,0.0,-1.27,-3.09,-1.82,7000.0
952,2015-08-11,여름,강원,정선군,평창군,1339.0,772.0419806645543,1360.0,149607.0,0.0,-1.21,-3.09,-1.7,7000.0
953,2015-08-12,여름,강원,정선군,평창군,1337.42,770.6056170281907,1360.0,149607.0,0.0,-1.58,-3.09,-1.78,7000.0
954,2015-08-13,여름,강원,정선군,평창군,1335.25,768.6328897554635,1360.0,149607.0,0.0,-1.6,-3.09,-1.83,7000.0
955,2015-08-14,여름,강원,정선군,평창군,1333.64,767.1692533918272,1360.0,149607.0,0.0,-1.61,-3.09,-1.87,7000.0
956,2015-08-15,여름,강원,정선군,평창군,1333.43,766.978344300918,1360.0,149607.0,0.0,-1.21,-3.09,-1.84,7000.0
957,2015-08-16,여름,강원,정선군,평창군,1332.44,766.078344300918,1360.0,149607.0,0.0,-1.23,-3.09,-1.87,7000.0
958,2015-08-17,여름,강원,정선군,평창군,1330.46,764.278344300918,1360.0,149607.0,0.0,-1.17,-3.09,-1.85,7000.0
959,2015-08-18,여름,강원,정선군,평창군,1327.81,761.869253391827,1360.0,149607.0,0.0,-1.24,-3.09,-1.88,7000.0
960,2015-08-19,여름,강원,정선군,평창군,1326.31,760.5056170281907,1360.0,149607.0,0.0,-1.13,-3.09,-1.85,7000.0
961,2015-08-20,여름,강원,정선군,평창군,1323.13,757.6147079372818,1360.0,149607.0,0.0,-1.15,-3.09,-1.79,7000.0
962,2015-08-21,여름,강원,정선군,평창군,1321.09,755.7601624827361,1360.0,149607.0,0.0,-1.24,-3.09,-1.88,7000.0
963,2015-08-22,여름,강원,정선군,평창군,1318.98,753.8419806645544,1360.0,149607.0,0.0,-1.27,-3.09,-1.95,7000.0
964,2015-08-23,여름,강원,정선군,평창군,1317.47,752.4692533918271,1360.0,149607.0,0.0,-1.46,-3.09,-1.96,7000.0
965,2015-08-24,여름,강원,정선군,평창군,1315.53,750.7056170281907,1360.0,149607.0,0.0,-3.09,-3.09,-1.9,7000.0
966,2015-08-25,여름,강원,정선군,평창군,1312.86,748.2783443009179,1360.0,149607.0,0.0,-1.41,-3.09,-1.6,7000.0
967,2015-08-26,여름,강원,정선군,평창군,1310.22,745.878344300918,1360.0,149607.0,0.0,0.19,-0.84,-0.77,7000.0
968,2015-08-27,여름,강원,정선군,평창군,1307.0,742.9510715736453,1360.0,149607.0,0.0,0.32,-0.84,-0.91,7000.0
969,2015-08-28,여름,강원,정선군,평창군,1304.99,741.1237988463726,1360.0,149607.0,0.0,0.24,-0.94,-1.11,7000.0
970,2015-08-29,여름,강원,정선군,평창군,1303.09,739.3965261190997,1360.0,149607.0,0.0,0.16,-1.01,-1.21,7000.0
971,2015-08-30,여름,강원,정선군,평창군,1302.45,738.8147079372817,1360.0,149607.0,0.0,0.15,-1.04,-1.26,7000.0
972,2015-08-31,여름,강원,정선군,평창군,1301.41,737.8692533918272,1360.0,149607.0,0.0,0.15,-1.01,-1.29,7000.0
973,2015-09-01,여름,강원,정선군,평창군,1298.05,734.8147079372816,1360.0,149607.0,0.0,0.13,-1.05,-1.25,7000.0
974,2015-09-02,여름,강원,정선군,평창군,1295.67,732.6510715736454,1360.0,149607.0,0.0,0.15,-1.04,-1.31,7000.0
975,2015-09-03,여름,강원,정선군,평창군,1294.09,731.2147079372816,1360.0,149607.0,0.0,0.18,-1.11,-1.41,6000.0
976,2015-09-04,여름,강원,정선군,평창군,1293.05,730.2692533918271,1360.0,149607.0,0.0,0.13,-1.16,-1.47,6000.0
977,2015-09-05,여름,강원,정선군,평창군,1291.58,728.9328897554634,1360.0,149607.0,0.0,0.12,-1.16,-1.49,6000.0
978,2015-09-06,여름,강원,정선군,평창군,1291.05,728.4510715736452,1360.0,149607.0,0.0,0.12,-1.15,-1.52,6000.0
979,2015-09-07,여름,강원,정선군,평창군,1290.12,727.6056170281906,1360.0,149607.0,0.0,0.24,-0.95,-1.36,6500.0
980,2015-09-08,여름,강원,정선군,평창군,1289.28,726.8419806645543,1360.0,149607.0,0.0,0.26,-0.95,-1.4,6500.0
981,2015-09-09,여름,강원,정선군,평창군,1288.28,725.9328897554634,1360.0,149607.0,0.0,0.27,-0.97,-1.45,6500.0
982,2015-09-10,여름,강원,정선군,평창군,1287.84,725.5328897554634,1360.0,149607.0,0.0,0.37,-1.01,-1.51,6500.0
983,2015-09-11,여름,강원,정선군,평창군,1285.99,723.8510715736453,1360.0,149607.0,0.0,0.31,-1.11,-1.61,6000.0
984,2015-09-12,여름,강원,정선군,평창군,1285.69,723.578344300918,1360.0,149607.0,0.0,0.27,-1.12,-1.57,6000.0
985,2015-09-13,여름,강원,정선군,평창군,1284.79,722.7601624827362,1360.0,149607.0,0.0,0.29,-1.13,-1.51,6000.0
986,2015-09-14,여름,강원,정선군,평창군,1284.88,722.8419806645545,1360.0,149607.0,0.0,0.24,-1.16,-1.49,6000.0
987,2015-09-15,여름,강원,정선군,평창군,1284.74,722.7147079372817,1360.0,149607.0,0.0,0.24,-1.21,-1.55,6000.0
988,2015-09-16,여름,강원,정선군,평창군,1283.3,721.4056170281907,1360.0,149607.0,0.0,0.21,-1.22,-1.59,6000.0
989,2015-09-17,여름,강원,정선군,평창군,1283.23,721.3419806645544,1360.0,149607.0,0.0,0.21,-1.25,-1.65,6000.0
990,2015-09-18,여름,강원,정선군,평창군,1282.19,720.3965261190999,1360.0,149607.0,0.0,0.26,-1.24,-1.67,6000.0
991,2015-09-19,여름,강원,정선군,평창군,1282.43,720.6147079372817,1360.0,149607.0,0.0,0.35,-1.18,-1.63,6000.0
992,2015-09-20,여름,강원,정선군,평창군,1281.27,719.5601624827361,1360.0,149607.0,0.0,0.37,-1.19,-1.63,6000.0
993,2015-09-21,여름,강원,정선군,평창군,1280.94,719.2601624827362,1360.0,149607.0,0.0,0.36,-1.21,-1.65,6000.0
994,2015-09-22,여름,강원,정선군,평창군,1280.18,718.5692533918271,1360.0,149607.0,0.0,0.33,-1.23,-1.73,6500.0
995,2015-09-23,여름,강원,정선군,평창군,1279.8,718.2237988463725,1360.0,149607.0,0.0,0.43,-1.21,-1.72,7000.0
996,2015-09-24,여름,강원,정선군,평창군,1278.52,717.0601624827361,1360.0,149607.0,0.0,0.21,-1.19,-1.73,7000.0
997,2015-09-25,여름,강원,정선군,평창군,1278.25,716.8147079372816,1360.0,149607.0,0.0,-1.27,-1.41,-1.72,7000.0
998,2015-09-26,여름,강원,정선군,평창군,1277.32,715.969253391827,1360.0,149607.0,0.0,-1.35,-1.39,-1.76,7000.0
999,2015-09-27,여름,강원,정선군,평창군,1276.79,715.4874352100089,1360.0,149607.0,0.0,-1.09,-1.37,-1.77,7000.0
1000,2015-09-28,여름,강원,정선군,평창군,1276.82,715.5147079372816,1360.0,149607.0,0.0,-1.03,-1.35,-1.76,7000.0
1001,2015-09-29,여름,강원,정선군,평창군,1276.47,715.1965261190999,1360.0,149607.0,0.0,-0.97,-1.28,-1.79,7000.0
1002,2015-09-30,여름,강원,정선군,평창군,1276.15,714.9056170281908,1360.0,149607.0,0.0,-1.08,-1.25,-1.77,7000.0
1003,2015-10-01,여름,강원,정선군,평창군,1274.98,713.8419806645544,1360.0,149607.0,0.0,-1.05,-1.26,-1.73,7000.0
1004,2015-10-02,여름,강원,정선군,평창군,1274.42,713.3328897554635,1360.0,149607.0,0.0,-0.82,-1.12,-1.62,7000.0
1005,2015-10-03,여름,강원,정선군,평창군,1273.71,712.687435210009,1360.0,149607.0,0.0,-0.71,-1.09,-1.65,7000.0
1006,2015-10-04,여름,강원,정선군,평창군,1272.98,712.0237988463725,1360.0,149607.0,0.0,-0.61,-1.05,-1.67,7000.0
1007,2015-10-05,여름,강원,정선군,평창군,1272.64,711.7147079372817,1360.0,149607.0,0.0,-0.6,-1.0,-1.67,6000.0
1008,2015-10-06,여름,강원,정선군,평창군,1272.21,711.3237988463726,1360.0,149607.0,0.0,-0.68,-1.02,-1.71,6000.0
1009,2015-10-07,여름,강원,정선군,평창군,1271.41,710.5965261190998,1360.0,149607.0,0.0,-1.21,-1.1,-1.73,5000.0
1010,2015-10-08,여름,강원,정선군,평창군,1271.41,710.5965261190998,1360.0,149607.0,0.0,-1.29,-1.06,-1.75,5000.0
1011,2015-10-09,여름,강원,정선군,평창군,1270.4,709.6783443009181,1360.0,149607.0,0.0,-1.25,-1.05,-1.8,5000.0
1012,2015-10-10,여름,강원,정선군,평창군,1270.69,709.9419806645544,1360.0,149607.0,0.0,-1.24,-1.04,-1.82,5000.0
1013,2015-10-11,여름,강원,정선군,평창군,1270.65,709.9056170281908,1360.0,149607.0,0.0,-1.12,-1.06,-1.83,5000.0
1014,2015-10-12,여름,강원,정선군,평창군,1270.4,709.6783443009181,1360.0,149607.0,0.0,-1.14,-1.07,-1.87,5000.0
1015,2015-10-13,여름,강원,정선군,평창군,1270.6,709.8601624827361,1360.0,149607.0,0.0,-1.3,-1.05,-1.92,5000.0
1016,2015-10-14,여름,강원,정선군,평창군,1270.64,709.8965261190999,1360.0,149607.0,0.0,-1.37,-0.98,-1.85,4500.0
1017,2015-10-15,여름,강원,정선군,평창군,1270.94,710.1692533918272,1360.0,149607.0,0.0,-1.37,-0.94,-1.85,4000.0
1018,2015-10-16,여름,강원,정선군,평창군,1270.11,709.4147079372815,1360.0,149607.0,0.0,-3.09,-0.91,-1.87,4000.0
1019,2015-10-17,여름,강원,정선군,평창군,1269.51,708.8692533918271,1360.0,149607.0,0.0,-3.09,-0.88,-1.91,4000.0
1020,2015-10-18,여름,강원,정선군,평창군,1269.6,708.9510715736452,1360.0,149607.0,0.0,-0.9,-0.85,-1.9,4000.0
1021,2015-10-19,여름,강원,정선군,평창군,1269.2,708.587435210009,1360.0,149607.0,0.0,-0.81,-0.85,-1.9,4000.0
1022,2015-10-20,여름,강원,정선군,평창군,1268.72,708.1510715736453,1360.0,149607.0,0.0,-0.84,-0.85,-1.91,4000.0
1023,2015-10-21,여름,강원,정선군,평창군,1268.25,707.7237988463726,1360.0,149607.0,0.0,-0.84,-0.86,-1.9,4000.0
1024,2015-10-22,여름,강원,정선군,평창군,1267.41,706.9601624827362,1360.0,149607.0,0.0,-0.82,-0.95,-1.93,4000.0
1025,2015-10-23,여름,강원,정선군,평창군,1267.2,706.7692533918271,1360.0,149607.0,0.0,-0.76,-1.04,-1.93,4000.0
1026,2015-10-24,여름,강원,정선군,평창군,1265.85,705.5419806645543,1360.0,149607.0,0.0,-0.78,-1.04,-1.93,4000.0
1027,2015-10-25,여름,강원,정선군,평창군,1265.49,705.2147079372817,1360.0,149607.0,0.0,-0.74,-1.04,-1.95,4000.0
1028,2015-10-26,여름,강원,정선군,평창군,1265.28,705.0237988463725,1360.0,149607.0,0.0,-0.74,-0.97,-1.95,4000.0
1029,2015-10-27,여름,강원,정선군,평창군,1264.1,703.9510715736452,1360.0,149607.0,0.0,-0.68,-0.94,-1.94,4000.0
1030,2015-10-28,여름,강원,정선군,평창군,1263.9,703.7692533918272,1360.0,149607.0,0.0,-0.45,-0.96,-1.93,4000.0
1031,2015-10-29,여름,강원,정선군,평창군,1262.95,702.9056170281908,1360.0,149607.0,0.0,-0.45,-0.96,-1.95,4000.0
1032,2015-10-30,여름,강원,정선군,평창군,1262.08,702.1147079372815,1360.0,149607.0,0.0,-0.44,-0.95,-1.95,4000.0
1033,2015-10-31,여름,강원,정선군,평창군,1261.76,701.8237988463725,1360.0,149607.0,0.0,-0.5,-0.93,-1.97,4000.0
1034,2015-11-01,여름,강원,정선군,평창군,1261.12,701.2419806645543,1360.0,149607.0,0.0,-1.75,-0.96,-2.04,4000.0
1035,2015-11-02,가을,전남,해남군,해남군,1245.29,679.3933327240229,1791.0,1436000.0,0.0,-0.43,-0.61,-0.67,4000.0
1036,2015-11-03,가을,전남,해남군,해남군,1243.71,677.9569690876594,1791.0,1436000.0,0.0,-0.42,-0.57,-0.66,4000.0
1037,2015-11-04,가을,전남,해남군,해남군,1242.33,676.7024236331138,1791.0,1436000.0,0.0,-0.41,-0.58,-0.66,4000.0
1038,2015-11-05,가을,전남,해남군,해남군,1241.1,675.584241814932,1791.0,1436000.0,0.0,-0.48,-0.58,-0.68,4000.0
1039,2015-11-06,가을,전남,해남군,해남군,1239.64,674.2569690876594,1791.0,1436000.0,0.0,-0.59,-0.54,-0.71,4000.0
1040,2015-11-07,가을,전남,해남군,해남군,1238.81,673.5024236331138,1791.0,1436000.0,0.0,-0.44,-0.51,-0.74,4000.0
1041,2015-11-08,가을,전남,해남군,해남군,1238.48,673.2024236331139,1791.0,1436000.0,0.0,-0.15,-0.46,-0.67,4000.0
1042,2015-11-09,가을,전남,해남군,해남군,1237.89,672.6660599967504,1791.0,1436000.0,0.0,0.05,-0.32,-0.52,4000.0
1043,2015-11-10,가을,전남,해남군,해남군,1237.4,672.2206054512958,1791.0,1436000.0,0.0,0.04,-0.44,-0.56,4500.0
1044,2015-11-11,가을,전남,해남군,해남군,1236.9,671.7660599967503,1791.0,1436000.0,0.0,0.0,-0.43,-0.6,4500.0
1045,2015-11-12,가을,전남,해남군,해남군,1235.66,670.6387872694776,1791.0,1436000.0,0.0,0.01,-0.35,-0.63,4500.0
1046,2015-11-13,가을,전남,해남군,해남군,1235.46,670.4569690876594,1791.0,1436000.0,0.0,0.07,-0.32,-0.64,5000.0
1047,2015-11-14,가을,전남,해남군,해남군,1234.83,669.884241814932,1791.0,1436000.0,0.0,0.6,-0.21,-0.49,5000.0
1048,2015-11-15,가을,전남,해남군,해남군,1234.34,669.4387872694774,1791.0,1436000.0,0.0,0.62,-0.14,-0.48,5000.0
1049,2015-11-16,가을,전남,해남군,해남군,1234.05,672.04,1791.0,1436000.0,0.0,0.59,-0.04,-0.51,4000.0
1050,2015-11-17,가을,전남,해남군,해남군,1233.65,672.04,1791.0,1436000.0,0.0,0.78,0.02,-0.52,4000.0
1051,2015-11-18,가을,전남,해남군,해남군,1232.47,674.16,1791.0,1436000.0,0.0,0.73,0.04,-0.46,4000.0
1052,2015-11-19,가을,전남,해남군,해남군,1231.56,670.18,1791.0,1436000.0,0.0,0.85,0.05,-0.45,4000.0
1053,2015-11-20,가을,전남,해남군,해남군,1231.39,670.83,1791.0,1436000.0,0.0,0.89,-0.55,-0.42,5000.0
1054,2015-11-21,가을,전남,해남군,해남군,1230.18,668.93,1791.0,1436000.0,0.0,0.93,-0.5,-0.39,5000.0
1055,2015-11-22,가을,전남,해남군,해남군,1229.94,668.2,1791.0,1436000.0,0.0,0.94,-0.49,-0.41,5000.0
1056,2015-11-23,가을,전남,해남군,해남군,1229.37,668.27,1791.0,1436000.0,0.0,0.91,-0.47,-0.44,5000.0
1057,2015-11-24,가을,전남,해남군,해남군,1229.2,668.75,1791.0,1436000.0,0.0,0.96,-0.49,-0.46,5000.0
1058,2015-11-25,가을,전남,해남군,해남군,1228.57,667.56,1791.0,1436000.0,0.0,0.89,-0.43,-0.46,5000.0
1059,2015-11-26,가을,전남,해남군,해남군,1227.6,668.67,1791.0,1436000.0,0.0,1.07,-0.33,-0.36,5000.0
1060,2015-11-27,가을,전남,해남군,해남군,1227.26,666.74,1791.0,1436000.0,0.0,0.86,-0.25,-0.32,5000.0
1061,2015-11-28,가을,전남,해남군,해남군,1226.58,662.44,1791.0,1436000.0,0.0,0.85,-0.2,-0.33,5000.0
1062,2015-11-29,가을,전남,해남군,해남군,1226.09,665.35,1791.0,1436000.0,0.0,0.85,-0.07,-0.36,5000.0
1063,2015-11-30,가을,전남,해남군,해남군,1226.05,662.51,1791.0,1436000.0,0.0,0.81,-0.04,-0.41,5000.0
1064,2015-12-01,가을,전남,해남군,해남군,1225.43,662.29,1791.0,1436000.0,0.0,0.83,-0.06,-0.42,5000.0
1065,2015-12-02,가을,전남,해남군,해남군,1224.08,659.89,1791.0,1436000.0,0.0,0.87,0.04,-0.43,5000.0
1066,2015-12-03,가을,전남,해남군,해남군,1223.53,658.72,1791.0,1436000.0,0.0,0.89,0.07,-0.44,5000.0
1067,2015-12-04,가을,전남,해남군,해남군,1222.33,653.52,1791.0,1436000.0,0.0,0.88,0.07,-0.46,5000.0
1068,2015-12-05,가을,전남,해남군,해남군,1222.11,655.13,1791.0,1436000.0,0.0,0.79,-0.09,-0.51,5000.0
1069,2015-12-06,가을,전남,해남군,해남군,1221.42,653.32,1791.0,1436000.0,0.0,0.87,-0.1,-0.52,5000.0
1070,2015-12-07,가을,전남,해남군,해남군,1220.95,653.56,1791.0,1436000.0,0.0,0.8,-0.12,-0.57,4500.0
1071,2015-12-08,가을,전남,해남군,해남군,1220.08,653.66,1791.0,1436000.0,0.0,0.66,-0.09,-0.57,4500.0
1072,2015-12-09,가을,전남,해남군,해남군,1219.1,650.37,1791.0,1436000.0,0.0,0.45,0.0,-0.59,4500.0
1073,2015-12-10,가을,전남,해남군,해남군,1218.0,652.26,1791.0,1436000.0,0.0,0.46,0.01,-0.6,4500.0
1074,2015-12-11,가을,전남,해남군,해남군,1217.08,651.63,1791.0,1436000.0,0.0,1.14,0.35,-0.49,4000.0
1075,2015-12-12,가을,전남,해남군,해남군,1216.11,648.28,1791.0,1436000.0,0.0,1.18,0.39,-0.12,4000.0
1076,2015-12-13,가을,전남,해남군,해남군,1215.38,651.5,1791.0,1436000.0,0.0,1.2,0.43,-0.17,4000.0
1077,2015-12-14,가을,전남,해남군,해남군,1215.07,647.47,1791.0,1436000.0,0.0,0.97,0.49,-0.22,4000.0
1078,2015-12-15,가을,전남,해남군,해남군,1213.97,647.77,1791.0,1436000.0,0.0,1.0,0.63,-0.24,4000.0
1079,2015-12-16,가을,전남,해남군,해남군,1212.81,647.14,1791.0,1436000.0,0.0,1.0,0.72,-0.23,4000.0
1080,2015-12-17,가을,전남,해남군,해남군,1212.24,645.48,1791.0,1436000.0,0.0,0.9,0.81,-0.25,4000.0
1081,2015-12-18,가을,전남,해남군,해남군,1210.74,645.52,1791.0,1436000.0,0.0,0.93,0.84,-0.24,4000.0
1082,2015-12-19,가을,전남,해남군,해남군,1210.1,643.07,1791.0,1436000.0,0.0,0.86,0.86,-0.24,4000.0
1083,2015-12-20,가을,전남,해남군,해남군,1209.06,643.03,1791.0,1436000.0,0.0,0.84,0.91,-0.26,4000.0
1084,2015-12-21,가을,전남,해남군,해남군,1208.53,644.62,1791.0,1436000.0,0.0,0.91,0.96,-0.27,4000.0
1085,2015-12-22,가을,전남,해남군,해남군,1207.14,642.52,1791.0,1436000.0,0.0,1.01,1.0,-0.18,4000.0
1086,2015-12-23,가을,전남,해남군,해남군,1205.05,641.77,1791.0,1436000.0,0.0,1.04,0.77,-0.2,4000.0
1087,2015-12-24,가을,전남,해남군,해남군,1203.79,639.91,1791.0,1436000.0,0.0,1.11,0.87,-0.13,4000.0
1088,2015-12-25,가을,전남,해남군,해남군,1201.86,639.25,1791.0,1436000.0,0.0,1.23,0.87,-0.15,4000.0
1089,2015-12-26,가을,전남,해남군,해남군,1201.8,643.0,1791.0,1436000.0,0.0,1.08,0.87,-0.18,4000.0
1090,2015-12-27,가을,전남,해남군,해남군,1200.67,637.49,1791.0,1436000.0,0.0,0.9,0.88,-0.19,4000.0
1091,2015-12-28,가을,전남,해남군,해남군,1199.42,637.34,1791.0,1436000.0,0.0,0.89,0.9,-0.22,4500.0
1092,2015-12-29,가을,전남,해남군,해남군,1197.84,635.33,1791.0,1436000.0,0.0,0.92,0.93,-0.23,4500.0
1093,2015-12-30,가을,전남,해남군,해남군,1196.47,634.97,1791.0,1436000.0,0.0,1.05,1.02,-0.23,4500.0
1094,2015-12-31,가을,전남,해남군,해남군,1194.73,634.32,1791.0,1436000.0,0.0,1.09,0.58,-0.25,4500.0
1095,2016-01-01,가을,전남,해남군,해남군,1191.69,633.68,1851.0,1128000.0,16200.0,1.09,0.62,-0.27,4500.0
1096,2016-01-02,가을,전남,해남군,해남군,1190.58,633.68,1851.0,1128000.0,16200.0,1.08,0.7,-0.26,4500.0
1097,2016-01-03,가을,전남,해남군,해남군,1189.58,633.68,1851.0,1128000.0,16200.0,1.09,0.69,-0.27,4500.0
1098,2016-01-04,겨울,전남,해남군,해남군,1187.96,633.37,2529.0,249841.0,16200.0,1.18,0.72,-0.29,5000.0
1099,2016-01-05,겨울,전남,해남군,해남군,1185.81,633.24,2529.0,249841.0,16200.0,1.22,0.74,-0.3,5000.0
1100,2016-01-06,겨울,전남,해남군,해남군,1183.71,633.03,2529.0,249841.0,16200.0,1.4,0.79,-0.31,5000.0
1101,2016-01-07,겨울,전남,해남군,해남군,1182.32,631.87,2529.0,249841.0,16200.0,1.44,0.79,-0.29,5000.0
1102,2016-01-08,겨울,전남,해남군,해남군,1180.37,618.76,2529.0,249841.0,16200.0,1.5,0.78,-0.33,5000.0
1103,2016-01-09,겨울,전남,해남군,해남군,1178.16,610.28,2529.0,249841.0,16200.0,1.52,0.8,-0.34,5000.0
1104,2016-01-10,겨울,전남,해남군,해남군,1177.11,611.39,2529.0,249841.0,16200.0,0.09,0.91,-0.36,5000.0
1105,2016-01-11,겨울,전남,해남군,해남군,1175.23,609.38,2529.0,249841.0,16200.0,-0.01,0.93,-0.36,4500.0
1106,2016-01-12,겨울,전남,해남군,해남군,1172.76,607.47,2529.0,249841.0,16200.0,0.0,0.94,-0.38,4500.0
1107,2016-01-13,겨울,전남,해남군,해남군,1171.0,603.97,2529.0,249841.0,16200.0,0.03,0.92,-0.39,4500.0
1108,2016-01-14,겨울,전남,해남군,해남군,1168.09,601.59,2529.0,249841.0,16200.0,-0.13,0.92,-0.4,5000.0
1109,2016-01-15,겨울,전남,해남군,해남군,1165.34,600.25,2529.0,249841.0,16200.0,-0.22,0.91,-0.43,5000.0
1110,2016-01-16,겨울,전남,해남군,해남군,1162.18,598.22,2529.0,249841.0,16200.0,-0.37,0.9,-0.46,5000.0
1111,2016-01-17,겨울,전남,해남군,해남군,1159.5,593.35,2529.0,249841.0,16200.0,-0.35,0.88,-0.47,5000.0
1112,2016-01-18,겨울,전남,해남군,해남군,1157.38,594.83,2529.0,249841.0,16200.0,0.34,1.03,-0.49,5000.0
1113,2016-01-19,겨울,전남,해남군,해남군,1154.67,593.58,2529.0,249841.0,16200.0,0.39,1.03,-0.3,5000.0
1114,2016-01-20,겨울,전남,해남군,해남군,1152.86,591.69,2529.0,249841.0,16200.0,0.29,1.09,-0.29,6000.0
1115,2016-01-21,겨울,전남,해남군,해남군,1149.64,590.84,2529.0,249841.0,16200.0,0.09,1.13,-0.32,6000.0
1116,2016-01-22,겨울,전남,해남군,해남군,1146.73,586.5,2529.0,249841.0,16200.0,0.05,1.1,-0.35,7000.0
1117,2016-01-23,겨울,전남,해남군,해남군,1143.52,584.58,2529.0,249841.0,16200.0,-0.27,1.11,-0.39,7000.0
1118,2016-01-24,겨울,전남,해남군,해남군,1142.11,586.38,2529.0,249841.0,16200.0,-0.2,1.16,-0.42,7000.0
1119,2016-01-25,겨울,전남,해남군,해남군,1141.42,582.22,2529.0,249841.0,16200.0,-0.07,1.18,-0.39,8000.0
1120,2016-01-26,겨울,전남,해남군,해남군,1137.95,575.11,2529.0,249841.0,16200.0,-0.04,0.96,-0.35,7000.0
1121,2016-01-27,겨울,전남,해남군,해남군,1134.73,570.89,2529.0,249841.0,16200.0,-0.02,0.96,-0.38,7000.0
1122,2016-01-28,겨울,전남,해남군,해남군,1131.58,565.71,2529.0,249841.0,16200.0,-0.02,0.99,-0.4,7000.0
1123,2016-01-29,겨울,전남,해남군,해남군,1128.06,560.73,2529.0,249841.0,16200.0,0.69,1.21,-0.4,7000.0
1124,2016-01-30,겨울,전남,해남군,해남군,1126.3,560.38,2529.0,249841.0,16200.0,1.29,1.48,0.24,7000.0
1125,2016-01-31,겨울,전남,해남군,해남군,1124.44,557.47,2529.0,249841.0,16200.0,1.27,1.48,0.37,7000.0
1126,2016-02-01,겨울,전남,해남군,해남군,1121.6,556.08,2529.0,249841.0,1.0,1.28,1.47,0.3,6500.0
1127,2016-02-02,겨울,전남,해남군,해남군,1118.83,555.33,2529.0,249841.0,1.0,1.32,1.43,0.25,6500.0
1128,2016-02-03,겨울,전남,해남군,해남군,1116.92,552.88,2529.0,249841.0,1.0,1.31,1.44,0.2,6500.0
1129,2016-02-04,겨울,전남,해남군,해남군,1114.76,549.41,2529.0,249841.0,1.0,1.24,1.56,0.15,6500.0
1130,2016-02-05,겨울,전남,해남군,해남군,1113.63,551.92,2529.0,249841.0,1.0,1.17,1.52,0.13,6500.0
1131,2016-02-06,겨울,전남,해남군,해남군,1111.94,546.33,2529.0,249841.0,1.0,1.2,1.42,0.11,6500.0
1132,2016-02-07,겨울,전남,해남군,해남군,1110.01,545.87,2529.0,249841.0,1.0,1.38,1.29,0.1,6500.0
1133,2016-02-08,겨울,전남,해남군,해남군,1109.54,544.71,2529.0,249841.0,1.0,1.41,1.32,0.09,6500.0
1134,2016-02-09,겨울,전남,해남군,해남군,1108.68,544.78,2529.0,249841.0,1.0,1.28,1.31,0.01,6500.0
1135,2016-02-10,겨울,전남,해남군,해남군,1108.49,542.26,2529.0,249841.0,1.0,1.22,1.32,-0.04,6500.0
1136,2016-02-11,겨울,전남,해남군,해남군,1107.42,543.19,2529.0,249841.0,1.0,1.14,1.35,-0.1,6500.0
1137,2016-02-12,겨울,전남,해남군,해남군,1104.7,544.12,2529.0,249841.0,1.0,1.02,1.11,-0.17,6500.0
1138,2016-02-13,겨울,전남,해남군,해남군,1102.81,541.3,2529.0,249841.0,1.0,1.44,1.3,-0.01,6500.0
1139,2016-02-14,겨울,전남,해남군,해남군,1102.0,539.51,2529.0,249841.0,1.0,1.68,1.42,0.16,6500.0
1140,2016-02-15,겨울,전남,해남군,해남군,1100.62,539.86,2529.0,249841.0,1.0,1.67,1.29,0.32,8000.0
1141,2016-02-16,겨울,전남,해남군,해남군,1099.69,539.38,2529.0,249841.0,1.0,1.54,1.27,0.23,8000.0
1142,2016-02-17,겨울,전남,해남군,해남군,1096.99,536.41,2529.0,249841.0,1.0,1.08,1.17,0.14,9000.0
1143,2016-02-18,겨울,전남,해남군,해남군,1095.12,535.55,2529.0,249841.0,1.0,1.02,1.09,0.09,9000.0
1144,2016-02-19,겨울,전남,해남군,해남군,1094.15,533.47,2529.0,249841.0,1.0,0.9,1.06,0.01,9000.0
1145,2016-02-20,겨울,전남,해남군,해남군,1093.49,529.9,2529.0,249841.0,1.0,0.9,1.08,-0.04,9000.0
1146,2016-02-21,겨울,전남,해남군,해남군,1092.47,529.98,2529.0,249841.0,1.0,0.91,1.11,-0.06,9000.0
1147,2016-02-22,겨울,전남,해남군,해남군,1092.31,528.37,2529.0,249841.0,1.0,0.91,1.06,-0.12,9000.0
1148,2016-02-23,겨울,전남,해남군,해남군,1091.61,528.09,2529.0,249841.0,1.0,0.71,1.05,-0.21,9000.0
1149,2016-02-24,겨울,전남,해남군,해남군,1091.53,526.56,2529.0,249841.0,1.0,0.59,0.84,-0.3,9000.0
1150,2016-02-25,겨울,전남,해남군,해남군,1089.88,527.19,2529.0,249841.0,1.0,0.57,0.72,-0.3,9000.0
1151,2016-02-26,겨울,전남,해남군,해남군,1089.37,520.15,2529.0,249841.0,1.0,0.55,0.67,-0.39,10000.0
1152,2016-02-27,겨울,전남,해남군,해남군,1088.56,521.08,2529.0,249841.0,1.0,0.56,0.67,-0.4,10000.0
1153,2016-02-28,겨울,전남,해남군,해남군,1087.84,520.33,2529.0,249841.0,1.0,0.03,0.66,-0.42,10000.0
1154,2016-02-29,겨울,전남,해남군,해남군,1088.31,520.05,2529.0,249841.0,1.0,-0.66,0.68,-0.43,11000.0
1155,2016-03-02,겨울,전남,해남군,해남군,1086.97,517.01,2529.0,249841.0,0.0,-0.71,0.63,-0.43,11000.0
1156,2016-03-03,겨울,전남,해남군,해남군,1086.96,514.04,2529.0,249841.0,0.0,-0.71,0.58,-0.48,11000.0
1157,2016-03-04,겨울,전남,해남군,해남군,1086.43,516.56,2529.0,249841.0,0.0,-0.68,0.59,-0.5,11000.0
1158,2016-03-05,겨울,전남,해남군,해남군,1085.98,515.61,2529.0,249841.0,0.0,0.18,0.99,-0.14,11000.0
1159,2016-03-06,겨울,전남,해남군,해남군,1086.02,513.77,2529.0,249841.0,0.0,0.92,1.48,0.2,11000.0
1160,2016-03-07,겨울,전남,해남군,해남군,1085.91,514.37,2529.0,249841.0,0.0,0.86,1.44,0.82,12000.0
1161,2016-03-08,겨울,전남,해남군,해남군,1086.52,511.78,2529.0,249841.0,0.0,0.84,1.43,0.68,12000.0
1162,2016-03-09,겨울,전남,해남군,해남군,1087.22,515.39,2529.0,249841.0,0.0,1.14,1.66,0.6,12000.0
1163,2016-03-10,겨울,전남,해남군,해남군,1088.13,511.49,2529.0,249841.0,0.0,1.15,1.7,1.22,12000.0
1164,2016-03-11,겨울,전남,해남군,해남군,1089.0,508.89,2529.0,249841.0,0.0,1.17,1.34,1.08,12000.0
1165,2016-03-12,겨울,전남,해남군,해남군,1090.44,508.89,2529.0,249841.0,0.0,1.19,1.29,0.95,12000.0
1166,2016-03-13,겨울,전남,해남군,해남군,1090.9,510.03,2529.0,249841.0,0.0,1.26,1.3,0.92,12000.0
1167,2016-03-14,겨울,전남,해남군,해남군,1092.7,511.55,2529.0,249841.0,0.0,1.32,1.29,0.83,12000.0
1168,2016-03-15,겨울,전남,해남군,해남군,1093.15,510.07,2529.0,249841.0,0.0,1.01,1.3,0.72,12000.0
1169,2016-03-16,겨울,전남,해남군,해남군,1094.72,511.86,2529.0,249841.0,0.0,0.81,1.25,0.54,12000.0
1170,2016-03-17,겨울,전남,해남군,해남군,1096.56,513.18,2529.0,249841.0,0.0,0.75,1.18,0.44,12000.0
1171,2016-03-18,겨울,전남,해남군,해남군,1097.92,513.57,2529.0,249841.0,0.0,0.71,1.1,0.4,12000.0
1172,2016-03-19,겨울,전남,해남군,해남군,1099.24,513.52,2529.0,249841.0,0.0,0.94,1.21,0.59,12000.0
1173,2016-03-20,겨울,전남,해남군,해남군,1099.61,513.2,2529.0,249841.0,0.0,0.91,1.19,0.41,12000.0
1174,2016-03-21,겨울,전남,해남군,해남군,1101.02,513.49,2529.0,249841.0,0.0,0.94,1.12,0.4,12000.0
1175,2016-03-22,겨울,전남,해남군,해남군,1102.71,513.72,2529.0,249841.0,0.0,0.91,1.03,0.31,12000.0
1176,2016-03-23,겨울,전남,해남군,해남군,1105.1,516.3,2529.0,249841.0,0.0,0.87,0.99,0.24,12000.0
1177,2016-03-24,겨울,전남,해남군,해남군,1106.78,517.88,2529.0,249841.0,0.0,0.82,0.85,0.12,12000.0
1178,2016-03-25,겨울,전남,해남군,해남군,1107.94,518.82,2529.0,249841.0,0.0,0.82,0.77,-0.02,12000.0
1179,2016-03-26,겨울,전남,해남군,해남군,1108.8,519.35,2529.0,249841.0,0.0,0.8,0.75,-0.06,12000.0
1180,2016-03-27,겨울,전남,해남군,해남군,1109.17,519.65,2529.0,249841.0,0.0,0.77,0.72,-0.07,12000.0
1181,2016-03-28,겨울,전남,해남군,해남군,1110.68,519.66,2529.0,249841.0,0.0,0.82,0.71,-0.1,13000.0
1182,2016-03-29,겨울,전남,해남군,해남군,1111.64,520.51,2529.0,249841.0,0.0,0.85,0.7,-0.11,13000.0
1183,2016-03-30,겨울,전남,해남군,해남군,1112.5,520.94,2529.0,249841.0,0.0,0.84,0.66,-0.14,13000.0
1184,2016-03-31,겨울,전남,해남군,해남군,1113.15,521.61,2529.0,249841.0,0.0,0.73,0.6,-0.18,13000.0
1185,2016-04-01,겨울,전남,해남군,해남군,1114.64,520.94,2529.0,249841.0,0.0,0.74,0.6,-0.2,14000.0
1186,2016-04-02,겨울,전남,해남군,해남군,1115.09,524.51,2529.0,249841.0,0.0,0.69,0.56,-0.29,14000.0
1187,2016-04-03,겨울,전남,해남군,해남군,1115.38,524.63,2529.0,249841.0,0.0,0.64,0.51,-0.35,14000.0
1188,2016-04-04,겨울,전남,해남군,해남군,1115.53,524.7,2529.0,249841.0,0.0,0.38,0.6,-0.14,14000.0
1189,2016-04-05,겨울,전남,해남군,해남군,1115.97,525.51,2529.0,249841.0,0.0,-0.52,0.63,-0.16,14000.0
1190,2016-04-06,겨울,전남,해남군,해남군,1116.31,526.37,2529.0,249841.0,0.0,-0.48,0.55,-0.18,15000.0
1191,2016-04-07,겨울,전남,해남군,해남군,1116.78,527.25,2529.0,249841.0,0.0,-0.28,0.57,0.06,15000.0
1192,2016-04-08,겨울,전남,해남군,해남군,1116.56,528.86,2529.0,249841.0,0.0,-0.59,0.72,0.51,15000.0
1193,2016-04-09,겨울,전남,해남군,해남군,1116.8,530.24,2529.0,249841.0,0.0,-0.65,0.72,0.41,15000.0
1194,2016-04-10,겨울,전남,해남군,해남군,1115.95,530.05,2529.0,249841.0,0.0,-0.74,0.67,0.12,15000.0
1195,2016-04-11,겨울,전남,해남군,해남군,1116.41,530.41,2529.0,249841.0,0.0,-0.72,0.63,0.04,15000.0
1196,2016-04-12,겨울,전남,해남군,해남군,1116.33,530.89,2529.0,249841.0,0.0,-0.74,0.61,-0.05,15000.0
1197,2016-04-13,겨울,전남,해남군,해남군,1116.45,528.87,2529.0,249841.0,0.0,-0.79,0.57,-0.2,15000.0
1198,2016-04-14,겨울,전남,해남군,해남군,1116.59,528.77,2529.0,249841.0,0.0,-0.64,0.62,0.0,15000.0
1199,2016-04-15,겨울,전남,해남군,해남군,1116.57,528.77,2529.0,249841.0,0.0,-0.62,0.61,-0.06,15000.0
1200,2016-04-16,겨울,전남,해남군,해남군,1116.42,529.39,2529.0,249841.0,0.0,-0.59,0.6,-0.12,15000.0
1201,2016-04-17,겨울,전남,해남군,해남군,1116.54,530.37,2529.0,249841.0,0.0,0.42,1.13,1.35,15000.0
1202,2016-04-18,겨울,전남,해남군,해남군,1116.67,530.07,2529.0,249841.0,0.0,0.25,0.96,1.02,15000.0
1203,2016-04-19,겨울,전남,해남군,해남군,1116.78,529.22,2529.0,249841.0,0.0,0.17,0.96,0.8,15000.0
1204,2016-04-20,봄,충남,예산군,서산시,1126.21,554.52,160.0,265919.0,0.0,0.01,0.57,-0.02,14000.0
1205,2016-04-21,봄,충남,예산군,서산시,1126.18,552.69,160.0,265919.0,0.0,0.08,0.59,0.08,14000.0
1206,2016-04-22,봄,충남,예산군,서산시,1126.41,556.09,160.0,265919.0,0.0,0.54,0.96,1.0,14000.0
1207,2016-04-23,봄,충남,예산군,서산시,1126.15,554.0,160.0,265919.0,0.0,0.53,0.93,0.74,14000.0
1208,2016-04-24,봄,충남,예산군,서산시,1126.18,552.57,160.0,265919.0,0.0,0.51,0.76,0.51,14000.0
1209,2016-04-25,봄,충남,예산군,서산시,1126.6,553.37,160.0,265919.0,0.0,0.49,0.64,0.49,15000.0
1210,2016-04-26,봄,충남,예산군,서산시,1126.53,554.42,160.0,265919.0,0.0,0.48,0.61,0.36,15000.0
1211,2016-04-27,봄,충남,예산군,서산시,1126.74,554.84,160.0,265919.0,0.0,0.4,0.54,0.12,14000.0
1212,2016-04-28,봄,충남,예산군,서산시,1126.73,554.77,160.0,265919.0,0.0,0.45,0.57,0.21,15000.0
1213,2016-04-29,봄,충남,예산군,서산시,1127.05,554.06,160.0,265919.0,0.0,0.38,0.5,0.04,15000.0
1214,2016-04-30,봄,충남,예산군,서산시,1127.54,552.53,160.0,265919.0,0.0,0.28,0.41,-0.13,15000.0
1215,2016-05-01,봄,충남,예산군,서산시,1128.07,552.53,160.0,265919.0,57750.0,0.23,0.31,-0.22,15000.0
1216,2016-05-02,봄,충남,예산군,서산시,1128.42,551.59,160.0,265919.0,57750.0,0.24,0.26,-0.29,14000.0
1217,2016-05-03,봄,충남,예산군,서산시,1131.14,550.58,160.0,265919.0,57750.0,0.64,0.67,0.59,14000.0
1218,2016-05-04,봄,충남,예산군,서산시,1133.33,551.4,160.0,265919.0,57750.0,1.05,1.09,1.27,13000.0
1219,2016-05-05,봄,충남,예산군,서산시,1134.61,551.45,160.0,265919.0,57750.0,1.04,1.09,1.15,13000.0
1220,2016-05-06,봄,충남,예산군,서산시,1135.64,550.92,160.0,265919.0,57750.0,1.15,1.07,1.0,13000.0
1221,2016-05-07,봄,충남,예산군,서산시,1136.11,550.69,160.0,265919.0,57750.0,1.06,0.94,0.61,13000.0
1222,2016-05-08,봄,충남,예산군,서산시,1136.91,551.79,160.0,265919.0,57750.0,0.86,0.78,0.3,13000.0
1223,2016-05-09,봄,충남,예산군,서산시,1137.49,552.5,160.0,265919.0,57750.0,0.85,0.75,0.32,12000.0
1224,2016-05-10,봄,충남,예산군,서산시,1138.65,551.37,160.0,265919.0,57750.0,0.87,0.75,0.3,12000.0
1225,2016-05-11,봄,충남,예산군,서산시,1139.77,553.29,160.0,265919.0,57750.0,1.05,0.91,0.66,12000.0
1226,2016-05-12,봄,충남,예산군,서산시,1140.9,551.23,160.0,265919.0,57750.0,1.0,0.86,0.57,11000.0
1227,2016-05-13,봄,충남,예산군,서산시,1143.55,552.4,160.0,265919.0,57750.0,0.97,0.75,0.32,11000.0
1228,2016-05-14,봄,충남,예산군,서산시,1146.58,554.27,160.0,265919.0,57750.0,0.84,0.37,0.07,11000.0
1229,2016-05-15,봄,충남,예산군,서산시,1147.52,556.35,160.0,265919.0,57750.0,0.78,0.17,0.08,11000.0
1230,2016-05-16,봄,충남,예산군,서산시,1148.83,557.84,160.0,265919.0,57750.0,1.22,0.59,1.1,12000.0
1231,2016-05-17,봄,충남,예산군,서산시,1151.98,556.38,160.0,265919.0,57750.0,0.87,0.57,0.94,12000.0
1232,2016-05-18,봄,충남,예산군,서산시,1155.73,556.64,160.0,265919.0,57750.0,0.71,0.56,0.84,12000.0
1233,2016-05-19,봄,충남,예산군,서산시,1158.56,557.56,160.0,265919.0,57750.0,0.65,0.51,0.55,12000.0
1234,2016-05-20,봄,충남,예산군,서산시,1162.54,562.58,160.0,265919.0,57750.0,0.64,0.48,0.52,12000.0
1235,2016-05-21,봄,충남,예산군,서산시,1166.37,562.11,160.0,265919.0,57750.0,0.62,0.49,0.51,12000.0
1236,2016-05-22,봄,충남,예산군,서산시,1168.52,563.57,160.0,265919.0,57750.0,0.31,0.47,0.49,12000.0
1237,2016-05-23,봄,충남,예산군,서산시,1171.5,566.62,160.0,265919.0,57750.0,0.33,0.46,0.37,12000.0
1238,2016-05-24,봄,충남,예산군,서산시,1175.97,570.5,160.0,265919.0,57750.0,0.39,0.48,0.34,12000.0
1239,2016-05-25,봄,충남,예산군,서산시,1179.7,573.18,160.0,265919.0,57750.0,0.94,0.84,1.49,12000.0
1240,2016-05-26,봄,충남,예산군,서산시,1183.87,576.03,160.0,265919.0,57750.0,0.86,0.75,1.04,12000.0
1241,2016-05-27,봄,충남,예산군,서산시,1187.7,576.01,160.0,265919.0,57750.0,0.88,0.73,0.68,11000.0
1242,2016-05-28,봄,충남,예산군,서산시,1190.63,579.71,160.0,265919.0,57750.0,0.85,0.67,0.69,11000.0
1243,2016-05-29,봄,충남,예산군,서산시,1191.77,579.17,160.0,265919.0,57750.0,0.88,0.61,0.66,11000.0
1244,2016-05-30,봄,충남,예산군,서산시,1194.53,580.55,160.0,265919.0,57750.0,0.92,0.51,0.65,9000.0
1245,2016-05-31,봄,충남,예산군,서산시,1197.15,581.78,160.0,265919.0,57750.0,0.99,0.53,0.63,9000.0
1246,2016-06-01,봄,충남,예산군,서산시,1201.74,584.41,160.0,265919.0,0.0,0.97,0.52,0.58,9000.0
1247,2016-06-02,봄,충남,예산군,서산시,1203.93,586.65,160.0,265919.0,0.0,0.59,0.45,0.5,9000.0
1248,2016-06-03,봄,충남,예산군,서산시,1206.03,588.47,160.0,265919.0,0.0,0.01,0.39,0.29,8000.0
1249,2016-06-04,봄,충남,예산군,서산시,1208.07,591.81,160.0,265919.0,0.0,-0.03,0.17,0.31,8000.0
1250,2016-06-05,봄,충남,예산군,서산시,1209.18,594.51,160.0,265919.0,0.0,-0.07,0.17,0.3,8000.0
1251,2016-06-06,봄,충남,예산군,서산시,1209.82,599.71,160.0,265919.0,0.0,0.02,0.17,0.21,8000.0
1252,2016-06-07,봄,충남,예산군,서산시,1211.71,600.32,160.0,265919.0,0.0,0.14,0.17,0.22,7000.0
1253,2016-06-08,봄,충남,예산군,서산시,1214.07,602.28,160.0,265919.0,0.0,0.09,0.15,0.16,7000.0
1254,2016-06-09,봄,충남,예산군,서산시,1216.1,599.98,160.0,265919.0,0.0,0.07,0.09,-0.01,7000.0
1255,2016-06-10,봄,충남,예산군,서산시,1218.0,600.63,160.0,265919.0,0.0,-0.13,0.1,0.01,6000.0
1256,2016-06-11,봄,충남,예산군,서산시,1219.34,601.82,160.0,265919.0,0.0,-0.16,0.05,-0.17,6000.0
1257,2016-06-12,봄,충남,예산군,서산시,1219.75,603.74,160.0,265919.0,0.0,-0.06,0.05,-0.16,6000.0
1258,2016-06-13,봄,충남,예산군,서산시,1220.85,602.16,160.0,265919.0,0.0,0.12,0.04,-0.16,6000.0
1259,2016-06-14,봄,충남,예산군,서산시,1222.83,604.03,160.0,265919.0,0.0,0.18,0.03,-0.2,6000.0
1260,2016-06-15,봄,충남,예산군,서산시,1224.25,606.25,160.0,265919.0,0.0,-0.61,0.01,-0.26,5000.0
1261,2016-06-16,봄,충남,예산군,서산시,1225.13,610.07,160.0,265919.0,0.0,-0.48,0.06,-0.16,5000.0
1262,2016-06-17,봄,충남,예산군,서산시,1226.03,608.02,160.0,265919.0,0.0,-0.54,0.05,-0.23,5000.0
1263,2016-06-18,봄,충남,예산군,서산시,1226.26,608.97,160.0,265919.0,0.0,-0.55,0.02,-0.3,5000.0
1264,2016-06-19,봄,충남,예산군,서산시,1226.37,609.94,160.0,265919.0,0.0,-0.66,-0.04,-0.53,5000.0
1265,2016-06-20,봄,충남,예산군,서산시,1226.76,611.53,160.0,265919.0,0.0,-0.62,-0.08,-0.51,5000.0
1266,2016-06-21,봄,충남,예산군,서산시,1227.51,611.65,160.0,265919.0,0.0,-0.65,-0.12,-0.6,6000.0
1267,2016-06-22,봄,충남,예산군,서산시,1227.46,613.42,160.0,265919.0,0.0,-0.64,-0.11,-0.59,6000.0
1268,2016-06-23,봄,충남,예산군,서산시,1228.1,613.37,160.0,265919.0,0.0,-0.66,-0.08,-0.61,6000.0
1269,2016-06-24,봄,충남,예산군,서산시,1228.52,614.32,160.0,265919.0,0.0,-3.09,-0.09,-0.61,6000.0
1270,2016-06-25,봄,충남,예산군,서산시,1229.03,618.26,160.0,265919.0,0.0,-0.88,0.14,-0.1,6000.0
1271,2016-06-26,봄,충남,예산군,서산시,1228.98,619.34,160.0,265919.0,0.0,-0.91,0.11,-0.28,6000.0
1272,2016-06-27,봄,충남,예산군,서산시,1229.43,619.34,160.0,265919.0,0.0,-1.01,0.09,-0.34,6000.0
1273,2016-06-28,봄,충남,예산군,서산시,1229.59,617.52,160.0,265919.0,0.0,-1.09,0.04,-0.44,6000.0
1274,2016-06-29,봄,충남,예산군,서산시,1229.96,619.82,160.0,265919.0,0.0,-1.1,0.02,-0.48,5500.0
1275,2016-06-30,봄,충남,예산군,서산시,1230.11,619.78,160.0,265919.0,0.0,-1.13,-0.02,-0.58,5500.0
1276,2016-07-01,봄,충남,예산군,서산시,1230.64,619.34,160.0,265919.0,0.0,-1.28,-0.08,-0.66,5500.0
1277,2016-07-02,봄,충남,예산군,서산시,1230.26,620.28,160.0,265919.0,0.0,-0.3,0.27,0.04,5500.0
1278,2016-07-03,봄,충남,예산군,서산시,1230.62,623.65,160.0,265919.0,0.0,-0.31,0.23,-0.12,5500.0
1279,2016-07-04,봄,충남,예산군,서산시,1230.4,623.3,160.0,265919.0,0.0,-0.36,0.17,-0.24,5500.0
1280,2016-07-05,봄,충남,예산군,서산시,1230.52,623.72,160.0,265919.0,0.0,-0.16,0.26,-0.06,6000.0
1281,2016-07-06,봄,충남,예산군,서산시,1230.6,623.49,160.0,265919.0,0.0,0.02,0.4,0.17,6000.0
1282,2016-07-07,봄,충남,예산군,서산시,1230.38,641.81,160.0,265919.0,0.0,-0.03,0.34,0.08,7000.0
1283,2016-07-08,봄,충남,예산군,서산시,1230.38,645.0,160.0,265919.0,0.0,-0.03,0.3,0.0,7000.0
1284,2016-07-09,봄,충남,예산군,서산시,1230.23,647.07,160.0,265919.0,0.0,-0.1,0.27,-0.1,7000.0
1285,2016-07-10,봄,충남,예산군,서산시,1229.98,648.36,160.0,265919.0,0.0,-0.17,0.23,-0.2,7000.0
1286,2016-07-11,봄,충남,예산군,서산시,1230.13,648.52,160.0,265919.0,0.0,-0.15,0.22,-0.27,7000.0
1287,2016-07-12,봄,충남,예산군,서산시,1230.08,648.31,160.0,265919.0,0.0,-0.22,0.18,-0.45,7000.0
1288,2016-07-13,봄,충남,예산군,서산시,1229.68,648.57,160.0,265919.0,0.0,-0.3,0.06,-0.57,8000.0
1289,2016-07-14,봄,충남,예산군,서산시,1229.88,649.75,160.0,265919.0,0.0,-0.37,0.01,-0.64,8000.0
1290,2016-07-15,봄,충남,예산군,서산시,1229.24,648.37,160.0,265919.0,0.0,-0.39,-0.02,-0.66,8000.0
1291,2016-07-16,봄,충남,예산군,서산시,1228.94,648.16,160.0,265919.0,0.0,-0.47,-0.27,-0.67,8000.0
1292,2016-07-17,봄,충남,예산군,서산시,1228.84,648.37,160.0,265919.0,0.0,-0.26,-0.17,-0.35,8000.0
1293,2016-07-18,봄,충남,예산군,서산시,1228.44,648.49,160.0,265919.0,0.0,-0.32,-0.22,-0.47,8000.0
1294,2016-07-19,봄,충남,예산군,서산시,1227.72,650.27,160.0,265919.0,0.0,-0.25,-0.21,-0.49,8000.0
1295,2016-07-20,봄,충남,예산군,서산시,1227.12,650.33,160.0,265919.0,0.0,-0.42,-0.34,-0.71,7500.0
1296,2016-07-21,여름,강원,정선군,평창군,1235.43,660.79,1372.0,141239.0,0.0,0.95,0.17,-0.08,7000.0
1297,2016-07-22,여름,강원,정선군,평창군,1234.56,661.43,1372.0,141239.0,0.0,0.96,0.16,-0.12,7000.0
1298,2016-07-23,여름,강원,정선군,평창군,1234.06,660.63,1372.0,141239.0,0.0,0.84,0.09,-0.21,7000.0
1299,2016-07-24,여름,강원,정선군,평창군,1233.5,659.4,1372.0,141239.0,0.0,0.82,0.06,-0.29,7000.0
1300,2016-07-25,여름,강원,정선군,평창군,1232.65,660.19,1372.0,141239.0,0.0,0.79,0.04,-0.43,7000.0
1301,2016-07-26,여름,강원,정선군,평창군,1231.51,658.66,1372.0,141239.0,0.0,0.81,0.0,-0.51,7000.0
1302,2016-07-27,여름,강원,정선군,평창군,1230.57,658.64,1372.0,141239.0,0.0,0.77,-0.02,-0.53,7000.0
1303,2016-07-28,여름,강원,정선군,평창군,1229.69,657.91,1372.0,141239.0,0.0,0.73,-0.06,-0.59,8000.0
1304,2016-07-29,여름,강원,정선군,평창군,1228.82,657.3,1372.0,141239.0,0.0,0.71,-0.07,-0.59,9000.0
1305,2016-07-30,여름,강원,정선군,평창군,1227.65,658.44,1372.0,141239.0,0.0,0.72,-0.07,-0.61,9000.0
1306,2016-07-31,여름,강원,정선군,평창군,1227.2,658.3,1372.0,141239.0,0.0,0.69,-0.09,-0.63,9000.0
1307,2016-08-01,여름,강원,정선군,평창군,1227.11,657.11,1372.0,141239.0,0.0,0.55,-0.04,-0.55,11000.0
1308,2016-08-02,여름,강원,정선군,평창군,1225.57,656.75,1372.0,141239.0,0.0,0.53,-0.03,-0.56,11000.0
1309,2016-08-03,여름,강원,정선군,평창군,1224.27,657.16,1372.0,141239.0,0.0,0.52,-0.08,-0.63,11000.0
1310,2016-08-04,여름,강원,정선군,평창군,1223.61,658.34,1372.0,141239.0,0.0,0.01,-0.12,-0.67,10000.0
1311,2016-08-05,여름,강원,정선군,평창군,1222.86,657.02,1372.0,141239.0,0.0,-0.8,-0.14,-0.71,11000.0
1312,2016-08-06,여름,강원,정선군,평창군,1220.34,657.02,1372.0,141239.0,0.0,-1.03,-0.11,-0.73,11000.0
1313,2016-08-07,여름,강원,정선군,평창군,1219.91,654.78,1372.0,141239.0,0.0,-1.03,-0.13,-0.75,11000.0
1314,2016-08-08,여름,강원,정선군,평창군,1219.35,654.34,1372.0,141239.0,0.0,-0.94,-0.12,-0.73,10000.0
1315,2016-08-09,여름,강원,정선군,평창군,1218.34,654.47,1372.0,141239.0,0.0,-0.82,-0.22,-0.76,11000.0
1316,2016-08-10,여름,강원,정선군,평창군,1217.42,654.02,1372.0,141239.0,0.0,-0.79,-0.25,-0.79,12000.0
1317,2016-08-11,여름,강원,정선군,평창군,1216.34,654.22,1372.0,141239.0,0.0,-0.75,-0.25,-0.78,12000.0
1318,2016-08-12,여름,강원,정선군,평창군,1215.66,654.4,1372.0,141239.0,0.0,-0.69,-0.23,-0.84,12000.0
1319,2016-08-13,여름,강원,정선군,평창군,1215.29,654.16,1372.0,141239.0,0.0,-0.71,-0.24,-0.87,12000.0
1320,2016-08-14,여름,강원,정선군,평창군,1214.76,654.05,1372.0,141239.0,0.0,-0.94,-0.29,-0.9,12000.0
1321,2016-08-15,여름,강원,정선군,평창군,1214.6,653.77,1372.0,141239.0,0.0,-0.87,-0.33,-0.92,12000.0
1322,2016-08-16,여름,강원,정선군,평창군,1213.56,653.4,1372.0,141239.0,0.0,-3.09,-0.37,-0.96,12000.0
1323,2016-08-17,여름,강원,정선군,평창군,1212.9,653.47,1372.0,141239.0,0.0,-3.09,-0.38,-0.97,12000.0
1324,2016-08-18,여름,강원,정선군,평창군,1212.53,653.91,1372.0,141239.0,0.0,-3.09,-0.39,-1.02,12000.0
1325,2016-08-19,여름,강원,정선군,평창군,1211.83,653.71,1372.0,141239.0,0.0,-2.62,-0.45,-1.05,14000.0
1326,2016-08-20,여름,강원,정선군,평창군,1211.65,653.03,1372.0,141239.0,0.0,-2.04,-0.5,-1.05,14000.0
1327,2016-08-21,여름,강원,정선군,평창군,1211.54,653.03,1372.0,141239.0,0.0,-2.13,-0.56,-1.15,14000.0
1328,2016-08-22,여름,강원,정선군,평창군,1211.13,652.74,1372.0,141239.0,0.0,-1.95,-0.6,-1.2,17000.0
1329,2016-08-23,여름,강원,정선군,평창군,1211.97,651.95,1372.0,141239.0,0.0,-1.89,-0.62,-1.22,17000.0
1330,2016-08-24,여름,강원,정선군,평창군,1211.82,649.82,1372.0,141239.0,0.0,-3.09,-0.66,-1.2,17000.0
1331,2016-08-25,여름,강원,정선군,평창군,1211.32,651.06,1372.0,141239.0,0.0,-3.09,-0.72,-1.2,17000.0
1332,2016-08-26,여름,강원,정선군,평창군,1211.67,650.73,1372.0,141239.0,0.0,-3.09,-0.84,-1.28,18000.0
1333,2016-08-27,여름,강원,정선군,평창군,1211.93,650.78,1372.0,141239.0,0.0,-2.52,-0.68,-1.13,18000.0
1334,2016-08-28,여름,강원,정선군,평창군,1211.68,652.23,1372.0,141239.0,0.0,-2.3,-0.79,-1.31,18000.0
1335,2016-08-29,여름,강원,정선군,평창군,1212.15,651.63,1372.0,141239.0,0.0,-0.29,-0.13,-0.34,21000.0
1336,2016-08-30,여름,강원,정선군,평창군,1212.76,651.87,1372.0,141239.0,0.0,-0.09,-0.02,-0.27,22000.0
1337,2016-08-31,여름,강원,정선군,평창군,1212.9,651.36,1372.0,141239.0,0.0,-0.16,-0.03,-0.36,23000.0
1338,2016-09-01,여름,강원,정선군,평창군,1212.99,651.12,1372.0,141239.0,224520.0,-0.21,-0.07,-0.49,23000.0
1339,2016-09-02,여름,강원,정선군,평창군,1212.31,650.64,1372.0,141239.0,224520.0,-0.24,-0.1,-0.58,22000.0
1340,2016-09-03,여름,강원,정선군,평창군,1212.2,650.73,1372.0,141239.0,224520.0,-0.18,-0.13,-0.67,22000.0
1341,2016-09-04,여름,강원,정선군,평창군,1212.04,651.48,1372.0,141239.0,224520.0,-0.21,-0.17,-0.73,22000.0
1342,2016-09-05,여름,강원,정선군,평창군,1211.38,651.29,1372.0,141239.0,224520.0,-0.05,-0.07,-0.56,22000.0
1343,2016-09-06,여름,강원,정선군,평창군,1211.45,652.12,1372.0,141239.0,224520.0,-0.04,-0.06,-0.6,22000.0
1344,2016-09-07,여름,강원,정선군,평창군,1211.29,651.85,1372.0,141239.0,224520.0,-0.14,-0.07,-0.68,21000.0
1345,2016-09-08,여름,강원,정선군,평창군,1210.87,650.7,1372.0,141239.0,224520.0,-0.12,-0.07,-0.73,21000.0
1346,2016-09-09,여름,강원,정선군,평창군,1210.95,650.27,1372.0,141239.0,224520.0,-0.1,-0.06,-0.74,21000.0
1347,2016-09-10,여름,강원,정선군,평창군,1211.33,650.24,1372.0,141239.0,224520.0,0.02,-0.06,-0.79,21000.0
1348,2016-09-11,여름,강원,정선군,평창군,1210.89,649.95,1372.0,141239.0,224520.0,-0.05,-0.12,-0.89,21000.0
1349,2016-09-12,여름,강원,정선군,평창군,1211.03,650.34,1372.0,141239.0,224520.0,-0.07,-0.13,-0.89,20000.0
1350,2016-09-13,여름,강원,정선군,평창군,1211.06,651.06,1372.0,141239.0,224520.0,-0.08,-0.19,-0.91,21000.0
1351,2016-09-14,여름,강원,정선군,평창군,1210.72,651.03,1372.0,141239.0,224520.0,-0.07,-0.25,-0.92,21000.0
1352,2016-09-15,여름,강원,정선군,평창군,1211.05,651.83,1372.0,141239.0,224520.0,-0.06,-0.28,-0.98,21000.0
1353,2016-09-16,여름,강원,정선군,평창군,1211.03,651.31,1372.0,141239.0,224520.0,-0.08,-0.32,-1.03,21000.0
1354,2016-09-17,여름,강원,정선군,평창군,1210.68,651.03,1372.0,141239.0,224520.0,-0.09,-0.34,-1.09,21000.0
1355,2016-09-18,여름,강원,정선군,평창군,1210.81,650.85,1372.0,141239.0,224520.0,0.06,-0.28,-0.99,21000.0
1356,2016-09-19,여름,강원,정선군,평창군,1210.94,651.5,1372.0,141239.0,224520.0,0.19,-0.25,-0.96,19000.0
1357,2016-09-20,여름,강원,정선군,평창군,1210.65,652.59,1372.0,141239.0,224520.0,0.28,-0.19,-0.88,19000.0
1358,2016-09-21,여름,강원,정선군,평창군,1210.09,653.48,1372.0,141239.0,224520.0,0.28,-0.27,-0.95,19000.0
1359,2016-09-22,여름,강원,정선군,평창군,1209.8,652.68,1372.0,141239.0,224520.0,0.24,-0.28,-1.06,19000.0
1360,2016-09-23,여름,강원,정선군,평창군,1209.83,652.32,1372.0,141239.0,224520.0,0.35,-0.29,-1.06,19000.0
1361,2016-09-24,여름,강원,정선군,평창군,1209.58,651.61,1372.0,141239.0,224520.0,0.41,-0.25,-1.07,19000.0
1362,2016-09-25,여름,강원,정선군,평창군,1209.31,651.59,1372.0,141239.0,224520.0,0.44,-0.25,-1.1,19000.0
1363,2016-09-26,여름,강원,정선군,평창군,1209.72,650.91,1372.0,141239.0,224520.0,0.3,-0.26,-1.14,19000.0
1364,2016-09-28,여름,강원,정선군,평창군,1209.07,651.32,1372.0,141239.0,224520.0,-0.4,-0.21,-1.14,19000.0
1365,2016-09-29,여름,강원,정선군,평창군,1208.95,649.54,1372.0,141239.0,224520.0,-0.59,-0.21,-1.14,18000.0
1366,2016-09-30,여름,강원,정선군,평창군,1209.1,648.2,1372.0,141239.0,224520.0,-0.64,-0.37,-1.13,18000.0
1367,2016-10-01,여름,강원,정선군,평창군,1209.27,648.27,1372.0,141239.0,0.0,-0.65,-0.4,-1.1,18000.0
1368,2016-10-02,여름,강원,정선군,평창군,1208.73,648.1,1372.0,141239.0,0.0,-0.64,-0.38,-1.12,18000.0
1369,2016-10-03,여름,강원,정선군,평창군,1208.94,649.52,1372.0,141239.0,0.0,-0.54,-0.73,-1.14,18000.0
1370,2016-10-04,여름,강원,정선군,평창군,1209.53,650.5,1372.0,141239.0,0.0,-0.4,-1.12,-1.1,18000.0
1371,2016-10-05,여름,강원,정선군,평창군,1208.99,650.49,1372.0,141239.0,0.0,-0.68,-1.18,-1.1,17000.0
1372,2016-10-06,여름,강원,정선군,평창군,1209.26,651.92,1372.0,141239.0,0.0,-0.56,-1.08,-1.01,17000.0
1373,2016-10-07,여름,강원,정선군,평창군,1209.89,650.88,1372.0,141239.0,0.0,-0.51,-1.07,-1.04,16000.0
1374,2016-10-08,여름,강원,정선군,평창군,1210.19,650.76,1372.0,141239.0,0.0,-0.46,-1.01,-1.04,16000.0
1375,2016-10-09,여름,강원,정선군,평창군,1210.63,651.05,1372.0,141239.0,0.0,-0.47,-0.99,-1.08,16000.0
1376,2016-10-10,여름,강원,정선군,평창군,1210.85,651.05,1372.0,141239.0,0.0,-0.49,-0.97,-1.11,12000.0
1377,2016-10-11,여름,강원,정선군,평창군,1213.12,650.71,1372.0,141239.0,0.0,-0.44,-0.93,-1.14,11000.0
1378,2016-10-12,여름,강원,정선군,평창군,1213.27,651.49,1372.0,141239.0,0.0,-0.37,-0.92,-1.19,9000.0
1379,2016-10-13,여름,강원,정선군,평창군,1215.17,651.29,1372.0,141239.0,0.0,-0.34,-0.99,-1.26,9000.0
1380,2016-10-14,여름,강원,정선군,평창군,1216.19,651.46,1372.0,141239.0,0.0,-0.31,-0.91,-1.22,10000.0
1381,2016-10-15,여름,강원,정선군,평창군,1217.26,651.74,1372.0,141239.0,0.0,-0.25,-1.23,-1.22,10000.0
1382,2016-10-16,여름,강원,정선군,평창군,1217.83,652.92,1372.0,141239.0,0.0,-0.16,-1.24,-1.24,10000.0
1383,2016-10-17,여름,강원,정선군,평창군,1219.11,653.04,1372.0,141239.0,0.0,-0.03,-1.19,-1.27,10000.0
1384,2016-10-18,여름,강원,정선군,평창군,1220.2,654.17,1372.0,141239.0,0.0,-0.16,-1.16,-1.27,10000.0
1385,2016-10-19,여름,강원,정선군,평창군,1221.69,654.8,1372.0,141239.0,0.0,-0.19,-1.16,-1.27,9000.0
1386,2016-10-20,여름,강원,정선군,평창군,1222.82,655.69,1372.0,141239.0,0.0,-0.47,-1.16,-1.27,9000.0
1387,2016-10-21,여름,강원,정선군,평창군,1224.22,656.14,1372.0,141239.0,0.0,-0.45,-1.09,-1.25,9000.0
1388,2016-10-22,여름,강원,정선군,평창군,1225.9,656.49,1372.0,141239.0,0.0,-0.43,-1.09,-1.28,9000.0
1389,2016-10-23,여름,강원,정선군,평창군,1226.17,657.39,1372.0,141239.0,0.0,-0.35,-1.01,-1.26,9000.0
1390,2016-10-24,여름,강원,정선군,평창군,1226.9,658.51,1372.0,141239.0,0.0,-0.23,-0.95,-1.2,8000.0
1391,2016-10-25,여름,강원,정선군,평창군,1228.16,659.64,1372.0,141239.0,0.0,-0.15,-0.94,-1.23,8000.0
1392,2016-10-26,여름,강원,정선군,평창군,1229.55,658.78,1372.0,141239.0,0.0,0.13,-0.78,-1.08,8000.0
1393,2016-10-27,여름,강원,정선군,평창군,1230.05,659.81,1372.0,141239.0,0.0,0.17,-0.76,-1.1,7000.0
1394,2016-10-28,여름,강원,정선군,평창군,1230.92,661.44,1372.0,141239.0,0.0,0.22,-0.76,-1.12,7000.0
1395,2016-10-29,여름,강원,정선군,평창군,1230.99,662.09,1372.0,141239.0,0.0,0.17,-0.76,-1.15,7000.0
1396,2016-10-30,여름,강원,정선군,평창군,1231.38,662.8,1372.0,141239.0,0.0,0.18,-0.81,-1.15,7000.0
1397,2016-10-31,여름,강원,정선군,평창군,1231.64,662.39,1372.0,141239.0,0.0,0.17,-0.83,-1.17,7000.0
1398,2016-11-01,가을,전남,해남군,해남군,1213.97,631.94,1851.0,1128000.0,50775.0,2.72,0.26,0.32,7000.0
1399,2016-11-02,가을,전남,해남군,해남군,1214.3,633.62,1851.0,1128000.0,50775.0,2.57,0.28,0.28,7000.0
1400,2016-11-03,가을,전남,해남군,해남군,1214.66,635.06,1851.0,1128000.0,50775.0,2.57,0.29,0.26,7000.0
1401,2016-11-04,가을,전남,해남군,해남군,1214.56,635.56,1851.0,1128000.0,50775.0,2.58,0.29,0.26,7000.0
1402,2016-11-05,가을,전남,해남군,해남군,1214.51,636.97,1851.0,1128000.0,50775.0,1.93,0.29,0.24,7000.0
1403,2016-11-06,가을,전남,해남군,해남군,1214.0,637.14,1851.0,1128000.0,50775.0,2.0,0.34,0.21,7000.0
1404,2016-11-07,가을,전남,해남군,해남군,1214.61,636.86,1851.0,1128000.0,50775.0,1.87,0.34,0.17,7000.0
1405,2016-11-08,가을,전남,해남군,해남군,1214.73,637.72,1851.0,1128000.0,50775.0,-0.24,0.33,0.16,7000.0
1406,2016-11-09,가을,전남,해남군,해남군,1214.64,637.09,1851.0,1128000.0,50775.0,-0.19,0.42,0.18,7000.0
1407,2016-11-10,가을,전남,해남군,해남군,1214.72,637.86,1851.0,1128000.0,50775.0,-0.2,0.43,0.16,7000.0
1408,2016-11-11,가을,전남,해남군,해남군,1215.12,637.3,1851.0,1128000.0,50775.0,0.19,0.48,0.24,7000.0
1409,2016-11-12,가을,전남,해남군,해남군,1214.69,638.13,1851.0,1128000.0,50775.0,0.21,0.55,0.2,7000.0
1410,2016-11-13,가을,전남,해남군,해남군,1214.63,637.55,1851.0,1128000.0,50775.0,0.27,0.58,0.18,7000.0
1411,2016-11-14,가을,전남,해남군,해남군,1214.67,637.22,1851.0,1128000.0,50775.0,0.98,0.7,0.5,7000.0
1412,2016-11-15,가을,전남,해남군,해남군,1214.16,634.87,1851.0,1128000.0,50775.0,1.23,0.8,0.58,7000.0
1413,2016-11-16,가을,전남,해남군,해남군,1214.22,636.19,1851.0,1128000.0,50775.0,0.77,0.86,0.51,8000.0
1414,2016-11-17,가을,전남,해남군,해남군,1214.09,636.93,1851.0,1128000.0,50775.0,0.71,0.91,0.47,8000.0
1415,2016-11-18,가을,전남,해남군,해남군,1214.1,636.27,1851.0,1128000.0,50775.0,0.65,0.92,0.43,10000.0
1416,2016-11-19,가을,전남,해남군,해남군,1213.52,636.32,1851.0,1128000.0,50775.0,1.17,1.02,0.79,10000.0
1417,2016-11-20,가을,전남,해남군,해남군,1213.4,637.8,1851.0,1128000.0,50775.0,1.13,1.06,0.7,10000.0
1418,2016-11-21,가을,전남,해남군,해남군,1213.33,637.79,1851.0,1128000.0,50775.0,1.17,1.08,0.65,11000.0
1419,2016-11-22,가을,전남,해남군,해남군,1213.68,635.79,1851.0,1128000.0,50775.0,1.16,1.09,0.62,10000.0
1420,2016-11-23,가을,전남,해남군,해남군,1213.59,636.17,1851.0,1128000.0,50775.0,1.13,1.14,0.56,10000.0
1421,2016-11-24,가을,전남,해남군,해남군,1213.56,635.89,1851.0,1128000.0,50775.0,1.15,1.22,0.54,10000.0
1422,2016-11-25,가을,전남,해남군,해남군,1213.35,634.42,1851.0,1128000.0,50775.0,1.02,1.25,0.52,10000.0
1423,2016-11-26,가을,전남,해남군,해남군,1213.32,635.84,1851.0,1128000.0,50775.0,0.93,1.27,0.48,10000.0
1424,2016-11-27,가을,전남,해남군,해남군,1213.23,635.52,1851.0,1128000.0,50775.0,1.15,1.38,0.61,10000.0
1425,2016-11-28,가을,전남,해남군,해남군,1213.54,636.03,1851.0,1128000.0,50775.0,0.95,1.42,0.53,10000.0
1426,2016-11-29,가을,전남,해남군,해남군,1213.81,636.31,1851.0,1128000.0,50775.0,0.96,1.5,0.51,10000.0
1427,2016-11-30,가을,전남,해남군,해남군,1213.34,634.76,1851.0,1128000.0,50775.0,0.91,1.54,0.46,10000.0
1428,2016-12-01,가을,전남,해남군,해남군,1213.81,633.72,1851.0,1128000.0,31500.0,0.98,1.68,0.54,11000.0
1429,2016-12-02,가을,전남,해남군,해남군,1215.04,634.76,1851.0,1128000.0,31500.0,1.01,1.88,0.51,11000.0
1430,2016-12-03,가을,전남,해남군,해남군,1215.87,635.44,1851.0,1128000.0,31500.0,1.0,1.88,0.49,11000.0
1431,2016-12-04,가을,전남,해남군,해남군,1216.43,637.29,1851.0,1128000.0,31500.0,0.99,1.96,0.46,11000.0
1432,2016-12-05,가을,전남,해남군,해남군,1217.71,638.28,1851.0,1128000.0,31500.0,0.91,2.03,0.4,11000.0
1433,2016-12-06,가을,전남,해남군,해남군,1219.19,639.31,1851.0,1128000.0,31500.0,1.0,2.07,0.4,10000.0
1434,2016-12-07,가을,전남,해남군,해남군,1221.24,639.05,1851.0,1128000.0,31500.0,0.99,2.12,0.33,10000.0
1435,2016-12-08,가을,전남,해남군,해남군,1222.69,639.28,1851.0,1128000.0,31500.0,1.01,2.14,0.33,10000.0
1436,2016-12-09,가을,전남,해남군,해남군,1224.05,639.78,1851.0,1128000.0,31500.0,0.95,2.13,0.31,9000.0
1437,2016-12-10,가을,전남,해남군,해남군,1225.04,640.43,1851.0,1128000.0,31500.0,0.98,2.21,0.3,9000.0
1438,2016-12-11,가을,전남,해남군,해남군,1225.91,641.11,1851.0,1128000.0,31500.0,0.83,2.27,0.29,9000.0
1439,2016-12-12,가을,전남,해남군,해남군,1227.64,640.31,1851.0,1128000.0,31500.0,0.83,2.29,0.28,9000.0
1440,2016-12-13,가을,전남,해남군,해남군,1230.71,642.46,1851.0,1128000.0,31500.0,0.89,2.31,0.32,9000.0
1441,2016-12-14,가을,전남,해남군,해남군,1234.93,644.33,1851.0,1128000.0,31500.0,0.42,2.28,0.29,9000.0
1442,2016-12-15,가을,전남,해남군,해남군,1237.27,647.03,1851.0,1128000.0,31500.0,0.14,2.27,0.26,9000.0
1443,2016-12-16,가을,전남,해남군,해남군,1239.95,648.17,1851.0,1128000.0,31500.0,0.13,2.25,0.26,10000.0
1444,2016-12-17,가을,전남,해남군,해남군,1241.76,649.34,1851.0,1128000.0,31500.0,0.18,1.96,0.26,10000.0
1445,2016-12-18,가을,전남,해남군,해남군,1242.55,650.41,1851.0,1128000.0,31500.0,0.22,1.94,0.24,10000.0
1446,2016-12-19,가을,전남,해남군,해남군,1244.45,650.95,1851.0,1128000.0,31500.0,-0.82,1.94,0.24,10000.0
1447,2016-12-20,가을,전남,해남군,해남군,1246.6,652.26,1851.0,1128000.0,31500.0,-0.1,2.07,0.48,9000.0
1448,2016-12-21,가을,전남,해남군,해남군,1248.25,652.89,1851.0,1128000.0,31500.0,-0.1,2.12,0.43,9000.0
1449,2016-12-22,가을,전남,해남군,해남군,1249.04,656.24,1851.0,1128000.0,31500.0,0.46,2.25,0.75,9000.0
1450,2016-12-23,가을,전남,해남군,해남군,1250.24,656.97,1851.0,1128000.0,31500.0,0.58,2.32,0.73,9000.0
1451,2016-12-24,가을,전남,해남군,해남군,1252.24,659.87,1851.0,1128000.0,31500.0,0.6,2.36,0.71,9000.0
1452,2016-12-25,가을,전남,해남군,해남군,1253.08,661.33,1851.0,1128000.0,31500.0,0.67,2.36,0.68,9000.0
1453,2016-12-26,가을,전남,해남군,해남군,1254.76,662.25,1851.0,1128000.0,31500.0,0.77,2.36,0.68,9000.0
1454,2016-12-27,가을,전남,해남군,해남군,1256.62,662.68,1851.0,1128000.0,31500.0,1.22,2.42,1.14,9000.0
1455,2016-12-28,겨울,전남,해남군,해남군,1258.13,663.84,2529.0,249841.0,31500.0,1.23,2.35,1.04,9000.0
1456,2016-12-29,겨울,전남,해남군,해남군,1259.72,664.49,2529.0,249841.0,31500.0,1.28,2.46,0.99,9000.0
1457,2016-12-30,겨울,전남,해남군,해남군,1262.16,665.48,2529.0,249841.0,31500.0,1.44,2.46,0.96,9000.0
1458,2016-12-31,겨울,전남,해남군,해남군,1263.75,668.9,2529.0,249841.0,31500.0,1.31,2.41,0.9,9000.0
1459,2017-01-01,겨울,전남,해남군,해남군,1266.43,668.92,2306.0,258300.0,120.0,1.28,2.39,0.87,9000.0
1460,2017-01-02,겨울,전남,해남군,해남군,1269.06,668.86,2306.0,258300.0,120.0,1.28,2.39,0.82,9000.0
1461,2017-01-03,겨울,전남,해남군,해남군,1273.06,668.15,2306.0,258300.0,120.0,1.27,2.37,0.78,10000.0
1462,2017-01-04,겨울,전남,해남군,해남군,1276.03,668.15,2306.0,258300.0,120.0,1.34,1.93,0.75,10000.0
1463,2017-01-05,겨울,전남,해남군,해남군,1277.93,668.15,2306.0,258300.0,120.0,1.38,1.96,0.72,10000.0
1464,2017-01-06,겨울,전남,해남군,해남군,1279.53,668.42,2306.0,258300.0,120.0,1.48,1.88,0.7,10000.0
1465,2017-01-07,겨울,전남,해남군,해남군,1281.22,674.52,2306.0,258300.0,120.0,1.52,1.02,0.68,10000.0
1466,2017-01-08,겨울,전남,해남군,해남군,1281.96,676.1,2306.0,258300.0,120.0,1.58,1.03,0.66,10000.0
1467,2017-01-09,겨울,전남,해남군,해남군,1283.49,676.96,2306.0,258300.0,120.0,1.73,1.11,0.75,10000.0
1468,2017-01-10,겨울,전남,해남군,해남군,1284.93,680.42,2306.0,258300.0,120.0,1.8,1.22,0.71,10000.0
1469,2017-01-11,겨울,전남,해남군,해남군,1285.9,685.37,2306.0,258300.0,120.0,1.76,1.24,0.7,10000.0
1470,2017-01-12,겨울,전남,해남군,해남군,1286.92,686.59,2306.0,258300.0,120.0,1.65,1.26,0.67,10000.0
1471,2017-01-13,겨울,전남,해남군,해남군,1287.74,687.57,2306.0,258300.0,120.0,1.62,1.26,0.64,10000.0
1472,2017-01-14,겨울,전남,해남군,해남군,1288.09,689.15,2306.0,258300.0,120.0,1.88,1.26,0.63,10000.0
1473,2017-01-15,겨울,전남,해남군,해남군,1288.37,690.89,2306.0,258300.0,120.0,1.93,1.06,0.62,10000.0
1474,2017-01-16,겨울,전남,해남군,해남군,1289.27,690.55,2306.0,258300.0,120.0,1.96,1.05,0.6,10000.0
1475,2017-01-17,겨울,전남,해남군,해남군,1289.64,691.9,2306.0,258300.0,120.0,1.77,1.02,0.54,10000.0
1476,2017-01-18,겨울,전남,해남군,해남군,1290.25,693.95,2306.0,258300.0,120.0,1.91,1.0,0.51,10000.0
1477,2017-01-19,겨울,전남,해남군,해남군,1290.59,694.75,2306.0,258300.0,120.0,1.39,1.0,0.5,10000.0
1478,2017-01-20,겨울,전남,해남군,해남군,1291.0,696.2,2306.0,258300.0,120.0,1.32,1.03,0.49,10000.0
1479,2017-01-21,겨울,전남,해남군,해남군,1291.74,697.11,2306.0,258300.0,120.0,0.61,1.06,0.48,10000.0
1480,2017-01-22,겨울,전남,해남군,해남군,1292.17,698.1,2306.0,258300.0,120.0,0.43,1.04,0.45,10000.0
1481,2017-01-23,겨울,전남,해남군,해남군,1292.52,696.99,2306.0,258300.0,120.0,0.36,1.05,0.39,11000.0
1482,2017-01-24,겨울,전남,해남군,해남군,1293.3,698.99,2306.0,258300.0,120.0,0.28,1.02,0.33,11000.0
1483,2017-01-25,겨울,전남,해남군,해남군,1293.96,699.27,2306.0,258300.0,120.0,0.21,1.01,0.32,11000.0
1484,2017-01-26,겨울,전남,해남군,해남군,1294.69,699.71,2306.0,258300.0,120.0,-1.56,1.04,0.33,11000.0
1485,2017-01-27,겨울,전남,해남군,해남군,1295.3,700.43,2306.0,258300.0,120.0,-1.84,0.91,0.29,11000.0
1486,2017-01-28,겨울,전남,해남군,해남군,1295.67,700.62,2306.0,258300.0,120.0,-1.56,0.95,0.3,11000.0
1487,2017-01-29,겨울,전남,해남군,해남군,1295.77,700.29,2306.0,258300.0,120.0,-1.5,0.93,0.3,11000.0
1488,2017-01-30,겨울,전남,해남군,해남군,1295.69,699.11,2306.0,258300.0,120.0,-1.62,0.92,0.32,11000.0
1489,2017-01-31,겨울,전남,해남군,해남군,1296.13,699.13,2306.0,258300.0,120.0,-1.28,0.95,0.35,11000.0
1490,2017-02-01,겨울,전남,해남군,해남군,1296.98,700.14,2306.0,258300.0,0.0,-1.33,0.93,0.34,10000.0
1491,2017-02-02,겨울,전남,해남군,해남군,1297.05,701.67,2306.0,258300.0,0.0,-1.36,0.91,0.33,10000.0
1492,2017-02-03,겨울,전남,해남군,해남군,1297.19,701.72,2306.0,258300.0,0.0,-1.28,0.91,0.3,10000.0
1493,2017-02-04,겨울,전남,해남군,해남군,1297.36,702.04,2306.0,258300.0,0.0,-1.24,0.99,0.28,10000.0
1494,2017-02-05,겨울,전남,해남군,해남군,1297.22,702.7,2306.0,258300.0,0.0,-0.85,1.11,0.42,10000.0
1495,2017-02-06,겨울,전남,해남군,해남군,1297.29,702.32,2306.0,258300.0,0.0,-0.87,1.13,0.42,10000.0
1496,2017-02-07,겨울,전남,해남군,해남군,1297.51,702.96,2306.0,258300.0,0.0,-0.93,1.07,0.4,10000.0
1497,2017-02-08,겨울,전남,해남군,해남군,1297.56,702.96,2306.0,258300.0,0.0,-1.21,1.1,0.4,10000.0
1498,2017-02-09,겨울,전남,해남군,해남군,1297.74,702.96,2306.0,258300.0,0.0,-1.26,0.97,0.33,10000.0
1499,2017-02-10,겨울,전남,해남군,해남군,1297.71,702.58,2306.0,258300.0,0.0,-1.24,0.96,0.29,10000.0
1500,2017-02-11,겨울,전남,해남군,해남군,1297.12,702.4,2306.0,258300.0,0.0,-1.04,1.02,0.32,10000.0
1501,2017-02-12,겨울,전남,해남군,해남군,1297.34,702.26,2306.0,258300.0,0.0,-0.96,0.62,0.25,10000.0
1502,2017-02-13,겨울,전남,해남군,해남군,1297.59,700.39,2306.0,258300.0,0.0,-1.0,0.41,0.23,10000.0
1503,2017-02-14,겨울,전남,해남군,해남군,1297.77,699.04,2306.0,258300.0,0.0,-1.08,0.37,0.19,10000.0
1504,2017-02-15,겨울,전남,해남군,해남군,1297.69,704.63,2306.0,258300.0,0.0,-1.03,0.37,0.18,10000.0
1505,2017-02-16,겨울,전남,해남군,해남군,1297.63,705.05,2306.0,258300.0,0.0,-1.01,0.36,0.13,10000.0
1506,2017-02-17,겨울,전남,해남군,해남군,1297.77,704.91,2306.0,258300.0,0.0,-0.92,-0.13,0.13,9000.0
1507,2017-02-18,겨울,전남,해남군,해남군,1297.49,705.85,2306.0,258300.0,0.0,-0.94,-0.07,0.11,9000.0
1508,2017-02-19,겨울,전남,해남군,해남군,1297.44,705.11,2306.0,258300.0,0.0,-0.97,-0.13,0.04,9000.0
1509,2017-02-20,겨울,전남,해남군,해남군,1297.66,706.09,2306.0,258300.0,0.0,-1.06,-0.12,0.0,10000.0
1510,2017-02-21,겨울,전남,해남군,해남군,1297.8,706.34,2306.0,258300.0,0.0,-1.01,-0.09,0.0,10000.0
1511,2017-02-22,겨울,전남,해남군,해남군,1297.56,706.33,2306.0,258300.0,0.0,-1.03,-0.11,-0.05,10000.0
1512,2017-02-23,겨울,전남,해남군,해남군,1297.67,704.89,2306.0,258300.0,0.0,-0.44,0.06,0.25,10000.0
1513,2017-02-24,겨울,전남,해남군,해남군,1297.81,705.08,2306.0,258300.0,0.0,-0.47,0.02,0.1,10000.0
1514,2017-02-25,겨울,전남,해남군,해남군,1297.85,704.98,2306.0,258300.0,0.0,-0.46,-0.19,0.08,10000.0
1515,2017-02-26,겨울,전남,해남군,해남군,1297.62,705.65,2306.0,258300.0,0.0,-0.45,-0.14,-0.02,10000.0
1516,2017-02-27,겨울,전남,해남군,해남군,1298.01,705.37,2306.0,258300.0,0.0,-0.53,-0.15,-0.04,10000.0
1517,2017-02-28,겨울,전남,해남군,해남군,1297.81,704.06,2306.0,258300.0,0.0,-0.57,-0.18,-0.08,10000.0
1518,2017-03-01,겨울,전남,해남군,해남군,1297.47,704.44,2306.0,258300.0,23000.0,-0.59,-0.3,-0.12,10000.0
1519,2017-03-02,겨울,전남,해남군,해남군,1297.57,705.12,2306.0,258300.0,23000.0,-0.66,-0.3,-0.12,10000.0
1520,2017-03-03,겨울,전남,해남군,해남군,1297.48,705.22,2306.0,258300.0,23000.0,-0.63,-0.3,-0.13,10000.0
1521,2017-03-04,겨울,전남,해남군,해남군,1297.33,705.46,2306.0,258300.0,23000.0,-0.59,-0.27,-0.17,10000.0
1522,2017-03-05,겨울,전남,해남군,해남군,1296.96,706.14,2306.0,258300.0,23000.0,-0.63,-0.23,-0.24,10000.0
1523,2017-03-06,겨울,전남,해남군,해남군,1297.21,705.53,2306.0,258300.0,23000.0,-0.67,-0.27,-0.27,10000.0
1524,2017-03-07,겨울,전남,해남군,해남군,1297.09,705.22,2306.0,258300.0,23000.0,-0.97,-0.21,-0.32,10000.0
1525,2017-03-08,겨울,전남,해남군,해남군,1297.11,704.66,2306.0,258300.0,23000.0,-1.05,-0.22,-0.38,10000.0
1526,2017-03-09,겨울,전남,해남군,해남군,1296.89,704.93,2306.0,258300.0,23000.0,-1.02,-0.21,-0.39,10000.0
1527,2017-03-10,겨울,전남,해남군,해남군,1296.89,705.08,2306.0,258300.0,23000.0,-1.07,-0.25,-0.39,10000.0
1528,2017-03-11,겨울,전남,해남군,해남군,1296.66,706.04,2306.0,258300.0,23000.0,-1.1,-0.3,-0.47,10000.0
1529,2017-03-12,겨울,전남,해남군,해남군,1296.54,706.45,2306.0,258300.0,23000.0,-1.16,-0.29,-0.51,10000.0
1530,2017-03-13,겨울,전남,해남군,해남군,1296.56,706.29,2306.0,258300.0,23000.0,-1.32,-0.36,-0.51,9000.0
1531,2017-03-14,겨울,전남,해남군,해남군,1296.31,705.91,2306.0,258300.0,23000.0,-1.39,-0.39,-0.54,9000.0
1532,2017-03-15,겨울,전남,해남군,해남군,1296.01,706.46,2306.0,258300.0,23000.0,-1.45,-0.47,-0.65,9000.0
1533,2017-03-16,겨울,전남,해남군,해남군,1295.24,705.86,2306.0,258300.0,23000.0,-1.67,-0.53,-0.74,9000.0
1534,2017-03-17,겨울,전남,해남군,해남군,1294.82,706.06,2306.0,258300.0,23000.0,-1.74,-0.63,-0.9,9000.0
1535,2017-03-18,겨울,전남,해남군,해남군,1294.56,707.0,2306.0,258300.0,23000.0,-1.58,-0.65,-0.91,9000.0
1536,2017-03-19,겨울,전남,해남군,해남군,1294.41,707.72,2306.0,258300.0,23000.0,-1.73,-0.78,-0.9,9000.0
1537,2017-03-20,겨울,전남,해남군,해남군,1294.15,706.01,2306.0,258300.0,23000.0,-1.78,-1.33,-0.95,9000.0
1538,2017-03-21,겨울,전남,해남군,해남군,1293.48,706.2,2306.0,258300.0,23000.0,-1.58,-1.12,-0.8,9000.0
1539,2017-03-22,겨울,전남,해남군,해남군,1292.56,705.92,2306.0,258300.0,23000.0,-1.61,-1.61,-0.96,9000.0
1540,2017-03-23,겨울,전남,해남군,해남군,1291.38,705.63,2306.0,258300.0,23000.0,-1.7,-1.69,-0.98,9000.0
1541,2017-03-24,겨울,전남,해남군,해남군,1290.5,705.12,2306.0,258300.0,23000.0,-1.66,-1.76,-1.04,9000.0
1542,2017-03-25,겨울,전남,해남군,해남군,1289.53,704.89,2306.0,258300.0,23000.0,-2.32,-1.77,-1.09,9000.0
1543,2017-03-26,겨울,전남,해남군,해남군,1289.21,704.39,2306.0,258300.0,23000.0,-1.75,-1.67,-0.88,9000.0
1544,2017-03-27,겨울,전남,해남군,해남군,1288.13,704.34,2306.0,258300.0,23000.0,-1.71,-2.25,-0.89,10000.0
1545,2017-03-28,겨울,전남,해남군,해남군,1287.02,704.57,2306.0,258300.0,23000.0,-1.69,-2.27,-0.9,9000.0
1546,2017-03-29,겨울,전남,해남군,해남군,1285.71,704.71,2306.0,258300.0,23000.0,-1.58,-2.16,-0.82,9000.0
1547,2017-03-30,겨울,전남,해남군,해남군,1285.11,703.41,2306.0,258300.0,23000.0,-1.51,-2.11,-0.8,9000.0
1548,2017-03-31,겨울,전남,해남군,해남군,1284.21,702.65,2306.0,258300.0,23000.0,-1.44,-2.05,-0.84,9000.0
1549,2017-04-01,겨울,전남,해남군,해남군,1282.82,702.64,2306.0,258300.0,15967.0,-1.29,-2.02,-0.72,9000.0
1550,2017-04-02,겨울,전남,해남군,해남군,1282.24,702.33,2306.0,258300.0,15967.0,-1.36,-2.12,-0.77,9000.0
1551,2017-04-03,겨울,전남,해남군,해남군,1281.54,701.18,2306.0,258300.0,15967.0,-1.28,-2.0,-0.82,9000.0
1552,2017-04-04,겨울,전남,해남군,해남군,1280.51,701.16,2306.0,258300.0,15967.0,-1.32,-1.97,-0.85,9000.0
1553,2017-04-05,겨울,전남,해남군,해남군,1280.07,701.16,2306.0,258300.0,15967.0,-1.42,-2.18,-0.94,9000.0
1554,2017-04-06,겨울,전남,해남군,해남군,1279.38,700.24,2306.0,258300.0,15967.0,-0.46,-1.54,-0.25,9000.0
1555,2017-04-07,겨울,전남,해남군,해남군,1279.17,699.94,2306.0,258300.0,15967.0,-0.4,-1.42,-0.27,9000.0
1556,2017-04-08,겨울,전남,해남군,해남군,1278.68,698.44,2306.0,258300.0,15967.0,-0.57,-1.43,-0.37,9000.0
1557,2017-04-09,겨울,전남,해남군,해남군,1278.27,698.83,2306.0,258300.0,15967.0,-0.53,-1.51,-0.41,9000.0
1558,2017-04-10,겨울,전남,해남군,해남군,1278.21,699.2,2306.0,258300.0,15967.0,-0.62,-1.6,-0.59,8000.0
1559,2017-04-11,겨울,전남,해남군,해남군,1277.88,699.0,2306.0,258300.0,15967.0,-0.6,-1.6,-0.65,8000.0
1560,2017-04-12,겨울,전남,해남군,해남군,1277.72,699.75,2306.0,258300.0,15967.0,-0.38,-1.5,-0.43,7000.0
1561,2017-04-13,겨울,전남,해남군,해남군,1277.55,698.96,2306.0,258300.0,15967.0,-0.43,-1.64,-0.55,7000.0
1562,2017-04-14,겨울,전남,해남군,해남군,1277.44,698.25,2306.0,258300.0,15967.0,-0.49,-1.62,-0.6,7000.0
1563,2017-04-15,겨울,전남,해남군,해남군,1277.63,697.7,2306.0,258300.0,15967.0,-0.47,-1.67,-0.67,7000.0
1564,2017-04-16,겨울,전남,해남군,해남군,1277.5,698.45,2306.0,258300.0,15967.0,-0.43,-1.72,-0.71,7000.0
1565,2017-04-17,겨울,전남,해남군,해남군,1277.72,698.22,2306.0,258300.0,15967.0,-0.42,-1.72,-0.72,7000.0
1566,2017-04-18,겨울,전남,해남군,해남군,1277.72,699.39,2306.0,258300.0,15967.0,-0.32,-1.57,-0.65,7000.0
1567,2017-04-19,겨울,전남,해남군,해남군,1277.71,699.16,2306.0,258300.0,15967.0,-0.45,-1.91,-0.89,7000.0
1568,2017-04-20,겨울,전남,해남군,해남군,1277.95,699.16,2306.0,258300.0,15967.0,-0.58,-1.93,-0.89,7000.0
1569,2017-04-21,겨울,전남,해남군,해남군,1277.93,698.64,2306.0,258300.0,15967.0,-0.52,-1.81,-0.87,7000.0
1570,2017-04-22,겨울,전남,해남군,해남군,1277.68,699.1,2306.0,258300.0,15967.0,-0.63,-1.77,-1.02,7000.0
1571,2017-04-23,겨울,전남,해남군,해남군,1277.36,697.07,2306.0,258300.0,15967.0,-0.66,-1.72,-1.0,7000.0
1572,2017-04-24,겨울,전남,해남군,해남군,1277.6,697.75,2306.0,258300.0,15967.0,-0.62,-1.69,-1.02,7000.0
1573,2017-04-25,겨울,전남,해남군,해남군,1277.27,698.48,2306.0,258300.0,15967.0,-0.7,-1.64,-1.05,7000.0
1574,2017-04-26,겨울,전남,해남군,해남군,1276.95,698.65,2306.0,258300.0,15967.0,-0.65,-1.69,-1.05,7000.0
1575,2017-04-27,겨울,전남,해남군,해남군,1276.75,697.26,2306.0,258300.0,15967.0,-0.71,-1.76,-1.04,7000.0
1576,2017-04-28,겨울,전남,해남군,해남군,1277.03,698.15,2306.0,258300.0,15967.0,-0.8,-1.82,-1.08,7000.0
1577,2017-04-29,겨울,전남,해남군,해남군,1276.49,697.32,2306.0,258300.0,15967.0,-0.96,-1.98,-1.19,7000.0
1578,2017-04-30,겨울,전남,해남군,해남군,1276.39,697.41,2306.0,258300.0,15967.0,-1.02,-1.99,-1.26,7000.0
1579,2017-05-01,겨울,전남,해남군,해남군,1276.23,697.51,2306.0,258300.0,0.0,-1.16,-1.98,-1.3,7000.0
1580,2017-05-02,봄,충남,예산군,서산시,1279.7,704.96,280.0,519000.0,0.0,-0.91,-1.48,-2.28,4000.0
1581,2017-05-03,봄,충남,예산군,서산시,1279.57,705.03,280.0,519000.0,0.0,-0.82,-1.48,-2.26,4000.0
1582,2017-05-04,봄,충남,예산군,서산시,1279.49,704.67,280.0,519000.0,0.0,-0.84,-1.48,-2.04,4000.0
1583,2017-05-05,봄,충남,예산군,서산시,1279.47,705.16,280.0,519000.0,0.0,-0.86,-1.5,-2.09,4000.0
1584,2017-05-06,봄,충남,예산군,서산시,1279.5,703.9,280.0,519000.0,0.0,-1.84,-1.49,-2.1,4000.0
1585,2017-05-07,봄,충남,예산군,서산시,1279.21,704.3,280.0,519000.0,0.0,-1.67,-1.52,-2.11,4000.0
1586,2017-05-08,봄,충남,예산군,서산시,1279.01,703.94,280.0,519000.0,0.0,-2.36,-1.58,-2.09,4000.0
1587,2017-05-09,봄,충남,예산군,서산시,1278.33,703.85,280.0,519000.0,0.0,-2.5,-1.59,-2.22,4000.0
1588,2017-05-10,봄,충남,예산군,서산시,1278.02,704.39,280.0,519000.0,0.0,-1.65,-1.46,-2.06,4000.0
1589,2017-05-11,봄,충남,예산군,서산시,1277.72,703.7,280.0,519000.0,0.0,-1.61,-1.48,-2.09,4000.0
1590,2017-05-12,봄,충남,예산군,서산시,1276.6,703.63,280.0,519000.0,0.0,-1.53,-1.47,-2.21,4000.0
1591,2017-05-13,봄,충남,예산군,서산시,1276.32,703.94,280.0,519000.0,0.0,-1.52,-1.45,-2.29,4000.0
1592,2017-05-14,봄,충남,예산군,서산시,1276.04,703.44,280.0,519000.0,0.0,-1.32,-1.45,-2.18,4000.0
1593,2017-05-15,봄,충남,예산군,서산시,1276.31,703.64,280.0,519000.0,0.0,-1.39,-1.47,-2.34,3500.0
1594,2017-05-16,봄,충남,예산군,서산시,1275.37,703.63,280.0,519000.0,0.0,-1.4,-1.49,-2.32,3500.0
1595,2017-05-17,봄,충남,예산군,서산시,1275.46,703.72,280.0,519000.0,0.0,-1.45,-1.49,-2.6,3500.0
1596,2017-05-18,봄,충남,예산군,서산시,1274.96,703.62,280.0,519000.0,0.0,-1.73,-1.49,-2.74,3500.0
1597,2017-05-19,봄,충남,예산군,서산시,1274.65,703.41,280.0,519000.0,0.0,-1.74,-1.66,-2.63,3500.0
1598,2017-05-20,봄,충남,예산군,서산시,1274.33,702.76,280.0,519000.0,0.0,-1.64,-1.68,-2.69,3500.0
1599,2017-05-21,봄,충남,예산군,서산시,1274.24,702.72,280.0,519000.0,0.0,-1.69,-1.88,-2.82,3500.0
1600,2017-05-22,봄,충남,예산군,서산시,1273.86,703.18,280.0,519000.0,0.0,-1.56,-1.88,-2.94,4000.0
1601,2017-05-23,봄,충남,예산군,서산시,1273.64,701.94,280.0,519000.0,0.0,-1.6,-1.96,-3.02,4000.0
1602,2017-05-24,봄,충남,예산군,서산시,1273.2,701.17,280.0,519000.0,0.0,-1.45,-2.14,-2.75,4000.0
1603,2017-05-25,봄,충남,예산군,서산시,1272.89,701.06,280.0,519000.0,0.0,-1.47,-1.99,-2.74,4000.0
1604,2017-05-26,봄,충남,예산군,서산시,1272.95,701.18,280.0,519000.0,0.0,-1.45,-1.9,-2.59,4000.0
1605,2017-05-27,봄,충남,예산군,서산시,1272.69,701.1,280.0,519000.0,0.0,-1.48,-1.89,-2.13,4000.0
1606,2017-05-28,봄,충남,예산군,서산시,1272.3,701.02,280.0,519000.0,0.0,-1.52,-1.88,-2.26,4000.0
1607,2017-05-29,봄,충남,예산군,서산시,1272.25,700.5,280.0,519000.0,0.0,-1.48,-1.86,-2.34,3500.0
1608,2017-05-30,봄,충남,예산군,서산시,1271.94,700.75,280.0,519000.0,0.0,-1.34,-1.82,-2.39,3500.0
1609,2017-05-31,봄,충남,예산군,서산시,1271.9,700.61,280.0,519000.0,0.0,-1.26,-1.85,-2.43,3500.0
1610,2017-06-01,봄,충남,예산군,서산시,1271.09,700.2,280.0,519000.0,0.0,-1.18,-1.85,-2.48,3500.0
1611,2017-06-02,봄,충남,예산군,서산시,1269.94,699.23,280.0,519000.0,0.0,-1.23,-1.77,-2.61,4000.0
1612,2017-06-03,봄,충남,예산군,서산시,1269.27,698.34,280.0,519000.0,0.0,-1.27,-1.83,-2.7,4000.0
1613,2017-06-04,봄,충남,예산군,서산시,1269.1,698.01,280.0,519000.0,0.0,-1.26,-1.84,-2.8,4000.0
1614,2017-06-05,봄,충남,예산군,서산시,1269.02,696.8,280.0,519000.0,0.0,-1.3,-1.89,-3.19,4000.0
1615,2017-06-06,봄,충남,예산군,서산시,1268.0,696.8,280.0,519000.0,0.0,-1.24,-1.97,-3.44,4000.0
1616,2017-06-07,봄,충남,예산군,서산시,1267.65,697.46,280.0,519000.0,0.0,-1.06,-1.95,-3.43,4500.0
1617,2017-06-08,봄,충남,예산군,서산시,1267.01,696.98,280.0,519000.0,0.0,-1.04,-1.82,-3.27,4500.0
1618,2017-06-09,봄,충남,예산군,서산시,1266.19,697.1,280.0,519000.0,0.0,-1.23,-1.79,-3.23,5000.0
1619,2017-06-10,봄,충남,예산군,서산시,1265.07,697.27,280.0,519000.0,0.0,-1.27,-1.84,-3.25,5000.0
1620,2017-06-11,봄,충남,예산군,서산시,1264.74,696.96,280.0,519000.0,0.0,-1.36,-1.86,-3.22,5000.0
1621,2017-06-12,봄,충남,예산군,서산시,1264.25,696.6,280.0,519000.0,0.0,-1.41,-1.86,-3.08,4500.0
1622,2017-06-13,봄,충남,예산군,서산시,1262.71,695.26,280.0,519000.0,0.0,-1.43,-1.84,-3.16,4500.0
1623,2017-06-14,봄,충남,예산군,서산시,1261.55,695.49,280.0,519000.0,0.0,-1.43,-1.84,-3.27,4500.0
1624,2017-06-15,봄,충남,예산군,서산시,1260.25,695.6,280.0,519000.0,0.0,-1.51,-1.79,-2.87,4500.0
1625,2017-06-16,봄,충남,예산군,서산시,1259.1,695.6,280.0,519000.0,0.0,-1.55,-1.79,-2.94,4500.0
1626,2017-06-17,봄,충남,예산군,서산시,1257.84,693.53,280.0,519000.0,0.0,-1.5,-1.8,-2.9,4500.0
1627,2017-06-18,봄,충남,예산군,서산시,1257.18,693.51,280.0,519000.0,0.0,-1.48,-1.83,-2.97,4500.0
1628,2017-06-19,봄,충남,예산군,서산시,1256.75,693.89,280.0,519000.0,0.0,-1.51,-1.99,-3.29,4500.0
1629,2017-06-20,봄,충남,예산군,서산시,1254.89,693.34,280.0,519000.0,0.0,-1.42,-1.96,-2.59,4500.0
1630,2017-06-21,봄,충남,예산군,서산시,1253.0,692.43,280.0,519000.0,0.0,-1.46,-1.96,-2.75,4500.0
1631,2017-06-22,봄,충남,예산군,서산시,1251.09,691.53,280.0,519000.0,0.0,-1.57,-1.97,-2.65,5000.0
1632,2017-06-23,봄,충남,예산군,서산시,1249.21,691.19,280.0,519000.0,0.0,-2.42,-2.06,-2.72,5000.0
1633,2017-06-24,봄,충남,예산군,서산시,1247.59,690.0,280.0,519000.0,0.0,-2.25,-2.11,-2.52,5000.0
1634,2017-06-25,봄,충남,예산군,서산시,1246.73,689.28,280.0,519000.0,0.0,-2.49,-2.19,-2.47,5000.0
1635,2017-06-26,봄,충남,예산군,서산시,1245.87,689.86,280.0,519000.0,0.0,-3.09,-3.09,-2.25,5000.0
1636,2017-06-27,봄,충남,예산군,서산시,1244.19,688.4,280.0,519000.0,0.0,-1.83,-3.09,-2.11,5000.0
1637,2017-06-28,봄,충남,예산군,서산시,1243.17,687.66,280.0,519000.0,0.0,-1.64,-3.09,-2.06,5000.0
1638,2017-06-29,봄,충남,예산군,서산시,1242.07,685.38,280.0,519000.0,0.0,-1.56,-2.71,-2.17,5000.0
1639,2017-06-30,봄,충남,예산군,서산시,1241.84,685.42,280.0,519000.0,0.0,-1.58,-3.09,-2.17,5000.0
1640,2017-07-01,봄,충남,예산군,서산시,1239.94,683.96,280.0,519000.0,14685.0,-1.68,-3.09,-2.24,5000.0
1641,2017-07-02,봄,충남,예산군,서산시,1239.29,683.45,280.0,519000.0,14685.0,-1.21,-3.09,-2.08,5000.0
1642,2017-07-03,봄,충남,예산군,서산시,1238.15,682.69,280.0,519000.0,14685.0,-1.12,-3.09,-2.08,5500.0
1643,2017-07-04,봄,충남,예산군,서산시,1236.82,681.98,280.0,519000.0,14685.0,-0.97,-3.09,-2.12,5500.0
1644,2017-07-05,봄,충남,예산군,서산시,1236.37,681.28,280.0,519000.0,14685.0,-0.75,-2.59,-1.89,5500.0
1645,2017-07-06,봄,충남,예산군,서산시,1235.83,681.31,280.0,519000.0,14685.0,-0.8,-2.78,-1.96,5000.0
1646,2017-07-07,봄,충남,예산군,서산시,1235.24,681.4,280.0,519000.0,14685.0,-0.89,-2.99,-2.0,5000.0
1647,2017-07-08,봄,충남,예산군,서산시,1234.94,680.77,280.0,519000.0,14685.0,-0.76,-2.56,-1.85,5000.0
1648,2017-07-09,봄,충남,예산군,서산시,1234.61,681.03,280.0,519000.0,14685.0,-0.08,-1.4,-1.06,5000.0
1649,2017-07-10,봄,충남,예산군,서산시,1234.38,680.29,280.0,519000.0,14685.0,-0.13,-1.41,-1.3,6000.0
1650,2017-07-11,봄,충남,예산군,서산시,1233.73,679.29,280.0,519000.0,14685.0,0.28,-0.88,-0.8,6000.0
1651,2017-07-12,봄,충남,예산군,서산시,1233.15,679.1,280.0,519000.0,14685.0,0.22,-0.99,-1.07,8000.0
1652,2017-07-13,봄,충남,예산군,서산시,1232.95,679.26,280.0,519000.0,14685.0,0.12,-1.06,-1.19,8000.0
1653,2017-07-14,봄,충남,예산군,서산시,1232.96,679.53,280.0,519000.0,14685.0,0.05,-1.11,-1.32,8000.0
1654,2017-07-15,봄,충남,예산군,서산시,1232.94,678.53,280.0,519000.0,14685.0,0.03,-1.12,-1.34,8000.0
1655,2017-07-16,봄,충남,예산군,서산시,1232.85,678.57,280.0,519000.0,14685.0,0.04,-1.06,-1.28,8000.0
1656,2017-07-17,봄,충남,예산군,서산시,1233.13,677.97,280.0,519000.0,14685.0,0.03,-1.16,-1.32,9000.0
1657,2017-07-18,봄,충남,예산군,서산시,1232.78,678.44,280.0,519000.0,14685.0,0.01,-1.13,-1.32,9000.0
1658,2017-07-19,봄,충남,예산군,서산시,1232.97,676.87,280.0,519000.0,14685.0,0.07,-1.08,-1.29,9000.0
1659,2017-07-20,봄,충남,예산군,서산시,1232.96,677.36,280.0,519000.0,14685.0,-0.06,-1.17,-1.58,9500.0
1660,2017-07-21,봄,충남,예산군,서산시,1233.06,676.41,280.0,519000.0,14685.0,-0.05,-1.16,-1.63,9000.0
1661,2017-07-22,봄,충남,예산군,서산시,1232.79,675.23,280.0,519000.0,14685.0,-0.08,-1.15,-1.7,9000.0
1662,2017-07-23,봄,충남,예산군,서산시,1232.75,675.25,280.0,519000.0,14685.0,-0.14,-1.16,-1.74,9000.0
1663,2017-07-24,봄,충남,예산군,서산시,1232.67,674.88,280.0,519000.0,14685.0,-0.2,-1.22,-1.73,11000.0
1664,2017-07-25,봄,충남,예산군,서산시,1233.0,675.47,280.0,519000.0,14685.0,0.0,-1.04,-1.49,11000.0
1665,2017-07-26,봄,충남,예산군,서산시,1232.81,674.86,280.0,519000.0,14685.0,0.03,-1.02,-1.56,12000.0
1666,2017-07-27,봄,충남,예산군,서산시,1232.8,675.79,280.0,519000.0,14685.0,-0.06,-1.01,-1.55,12000.0
1667,2017-07-28,봄,충남,예산군,서산시,1233.07,675.88,280.0,519000.0,14685.0,-0.02,-1.04,-1.63,12000.0
1668,2017-07-29,봄,충남,예산군,서산시,1233.39,676.26,280.0,519000.0,14685.0,-0.06,-1.09,-1.77,12000.0
1669,2017-07-30,봄,충남,예산군,서산시,1233.37,676.16,280.0,519000.0,14685.0,-0.16,-1.15,-1.82,12000.0
1670,2017-07-31,봄,충남,예산군,서산시,1233.54,676.41,280.0,519000.0,14685.0,-0.08,-1.13,-1.79,12000.0
1671,2017-08-01,여름,강원,평창군,평창군,1244.06,688.03,1580.0,165000.0,109825.0,0.51,-0.37,-0.89,12000.0
1672,2017-08-02,여름,강원,평창군,평창군,1244.7,688.1,1580.0,165000.0,109825.0,-0.23,-0.39,-0.98,12000.0
1673,2017-08-03,여름,강원,평창군,평창군,1244.76,688.43,1580.0,165000.0,109825.0,-0.65,-0.43,-1.03,12000.0
1674,2017-08-04,여름,강원,평창군,평창군,1245.65,688.19,1580.0,165000.0,109825.0,-0.85,-0.46,-1.02,12000.0
1675,2017-08-05,여름,강원,평창군,평창군,1246.22,687.83,1580.0,165000.0,109825.0,-0.82,-0.48,-1.06,12000.0
1676,2017-08-06,여름,강원,평창군,평창군,1246.45,687.34,1580.0,165000.0,109825.0,-0.71,-0.45,-1.08,12000.0
1677,2017-08-07,여름,강원,평창군,평창군,1247.77,686.47,1580.0,165000.0,109825.0,-0.66,-0.43,-1.06,13000.0
1678,2017-08-08,여름,강원,평창군,평창군,1248.18,687.23,1580.0,165000.0,109825.0,-1.23,-0.47,-1.06,13000.0
1679,2017-08-09,여름,강원,평창군,평창군,1249.75,687.93,1580.0,165000.0,109825.0,-1.08,-0.47,-1.07,12000.0
1680,2017-08-10,여름,강원,평창군,평창군,1250.45,687.02,1580.0,165000.0,109825.0,-1.31,-0.47,-1.07,13000.0
1681,2017-08-11,여름,강원,평창군,평창군,1250.9,688.91,1580.0,165000.0,109825.0,-1.05,-0.31,-0.82,13000.0
1682,2017-08-12,여름,강원,평창군,평창군,1251.54,689.44,1580.0,165000.0,109825.0,-0.68,-0.25,-0.78,13000.0
1683,2017-08-13,여름,강원,평창군,평창군,1251.76,689.64,1580.0,165000.0,109825.0,-0.69,-0.26,-0.84,13000.0
1684,2017-08-14,여름,강원,평창군,평창군,1252.02,689.62,1580.0,165000.0,109825.0,-0.67,-0.29,-0.88,14000.0
1685,2017-08-15,여름,강원,평창군,평창군,1253.67,690.29,1580.0,165000.0,109825.0,-0.37,-0.15,-0.69,14000.0
1686,2017-08-16,여름,강원,평창군,평창군,1254.48,690.56,1580.0,165000.0,109825.0,0.01,0.09,-0.32,14000.0
1687,2017-08-17,여름,강원,평창군,평창군,1254.8,688.97,1580.0,165000.0,109825.0,0.1,0.13,-0.34,14000.0
1688,2017-08-18,여름,강원,평창군,평창군,1255.27,689.96,1580.0,165000.0,109825.0,0.13,0.14,-0.39,15000.0
1689,2017-08-19,여름,강원,평창군,평창군,1255.97,690.65,1580.0,165000.0,109825.0,0.09,0.09,-0.48,15000.0
1690,2017-08-20,여름,강원,평창군,평창군,1255.91,690.5,1580.0,165000.0,109825.0,-0.01,0.04,-0.56,15000.0
1691,2017-08-21,여름,강원,평창군,평창군,1256.47,689.87,1580.0,165000.0,109825.0,0.05,0.06,-0.54,15000.0
1692,2017-08-22,여름,강원,평창군,평창군,1257.12,689.94,1580.0,165000.0,109825.0,0.06,0.05,-0.55,16000.0
1693,2017-08-23,여름,강원,평창군,평창군,1257.31,690.85,1580.0,165000.0,109825.0,-0.01,0.01,-0.6,17000.0
1694,2017-08-24,여름,강원,평창군,평창군,1257.81,690.92,1580.0,165000.0,109825.0,0.12,0.07,-0.52,16000.0
1695,2017-08-25,여름,강원,평창군,평창군,1258.56,691.06,1580.0,165000.0,109825.0,0.24,0.14,-0.42,16000.0
1696,2017-08-26,여름,강원,평창군,평창군,1258.45,691.13,1580.0,165000.0,109825.0,0.15,0.08,-0.55,16000.0
1697,2017-08-27,여름,강원,평창군,평창군,1257.9,692.51,1580.0,165000.0,109825.0,0.23,0.05,-0.62,16000.0
1698,2017-08-28,여름,강원,평창군,평창군,1258.87,692.02,1580.0,165000.0,109825.0,0.14,-0.04,-0.78,16000.0
1699,2017-08-29,여름,강원,평창군,평창군,1259.5,692.04,1580.0,165000.0,109825.0,0.13,-0.06,-0.79,16000.0
1700,2017-08-30,여름,강원,평창군,평창군,1259.6,692.02,1580.0,165000.0,109825.0,0.11,-0.07,-0.83,16000.0
1701,2017-08-31,여름,강원,평창군,평창군,1259.82,692.15,1580.0,165000.0,109825.0,0.07,-0.17,-0.87,16000.0
1702,2017-09-01,여름,강원,평창군,평창군,1260.94,691.95,1580.0,165000.0,86915.0,0.05,-0.21,-0.82,18000.0
1703,2017-09-02,여름,강원,평창군,평창군,1260.48,693.19,1580.0,165000.0,86915.0,0.04,-0.24,-0.9,18000.0
1704,2017-09-03,여름,강원,평창군,평창군,1261.93,693.97,1580.0,165000.0,86915.0,0.07,-0.3,-0.99,18000.0
1705,2017-09-04,여름,강원,평창군,평창군,1261.36,694.76,1580.0,165000.0,86915.0,0.03,-0.34,-1.03,19000.0
1706,2017-09-05,여름,강원,평창군,평창군,1261.96,694.16,1580.0,165000.0,86915.0,0.01,-0.37,-1.04,19000.0
1707,2017-09-06,여름,강원,평창군,평창군,1262.22,694.43,1580.0,165000.0,86915.0,-0.05,-0.41,-1.1,19000.0
1708,2017-09-07,여름,강원,평창군,평창군,1263.46,695.85,1580.0,165000.0,86915.0,-0.12,-0.42,-1.14,19000.0
1709,2017-09-08,여름,강원,평창군,평창군,1264.2,696.76,1580.0,165000.0,86915.0,-0.1,-0.42,-1.16,18000.0
1710,2017-09-09,여름,강원,평창군,평창군,1264.61,696.89,1580.0,165000.0,86915.0,-0.12,-0.43,-1.2,18000.0
1711,2017-09-10,여름,강원,평창군,평창군,1265.65,698.07,1580.0,165000.0,86915.0,-0.23,-0.45,-1.27,18000.0
1712,2017-09-11,여름,강원,평창군,평창군,1266.0,697.98,1580.0,165000.0,86915.0,-0.44,-0.5,-1.38,18000.0
1713,2017-09-12,여름,강원,평창군,평창군,1268.16,698.86,1580.0,165000.0,86915.0,-0.38,-0.46,-1.26,17000.0
1714,2017-09-13,여름,강원,평창군,평창군,1269.59,699.32,1580.0,165000.0,86915.0,-0.39,-0.48,-1.26,17000.0
1715,2017-09-14,여름,강원,평창군,평창군,1270.44,700.04,1580.0,165000.0,86915.0,-0.6,-0.5,-1.24,17000.0
1716,2017-09-15,여름,강원,평창군,평창군,1272.63,699.71,1580.0,165000.0,86915.0,-1.15,-0.54,-1.32,17000.0
1717,2017-09-16,여름,강원,평창군,평창군,1274.75,700.66,1580.0,165000.0,86915.0,-1.29,-0.58,-1.37,17000.0
1718,2017-09-17,여름,강원,평창군,평창군,1275.42,701.69,1580.0,165000.0,86915.0,-1.31,-0.58,-1.4,17000.0
1719,2017-09-18,여름,강원,평창군,평창군,1275.45,702.58,1580.0,165000.0,86915.0,-1.24,-0.55,-1.39,17000.0
1720,2017-09-19,여름,강원,평창군,평창군,1276.68,702.38,1580.0,165000.0,86915.0,-1.16,-0.53,-1.36,16000.0
1721,2017-09-20,여름,강원,평창군,평창군,1277.19,702.67,1580.0,165000.0,86915.0,-0.97,-0.41,-1.17,16000.0
1722,2017-09-21,여름,강원,평창군,평창군,1278.54,703.75,1580.0,165000.0,86915.0,-1.1,-0.45,-1.24,15000.0
1723,2017-09-22,여름,강원,평창군,평창군,1279.44,704.52,1580.0,165000.0,86915.0,-1.11,-0.46,-1.35,16000.0
1724,2017-09-23,여름,강원,평창군,평창군,1280.0,704.02,1580.0,165000.0,86915.0,-1.32,-0.46,-1.35,16000.0
1725,2017-09-24,여름,강원,평창군,평창군,1281.23,703.77,1580.0,165000.0,86915.0,-1.75,-0.42,-1.37,16000.0
1726,2017-09-25,여름,강원,평창군,평창군,1281.12,704.05,1580.0,165000.0,86915.0,-1.5,-0.42,-1.39,15000.0
1727,2017-09-26,여름,강원,평창군,평창군,1282.2,704.31,1580.0,165000.0,86915.0,-1.41,-0.42,-1.42,15000.0
1728,2017-09-27,여름,강원,평창군,평창군,1282.96,704.31,1580.0,165000.0,86915.0,-1.14,-0.42,-1.43,15000.0
1729,2017-09-28,여름,강원,평창군,평창군,1284.48,705.11,1580.0,165000.0,86915.0,-1.05,-0.45,-1.35,14000.0
1730,2017-09-29,여름,강원,평창군,평창군,1285.86,707.64,1580.0,165000.0,86915.0,-0.97,-0.42,-1.38,14000.0
1731,2017-10-02,여름,강원,평창군,평창군,1290.76,709.05,1580.0,165000.0,37260.0,-0.95,-1.05,-1.33,14000.0
1732,2017-10-03,여름,강원,평창군,평창군,1292.2,710.88,1580.0,165000.0,37260.0,-0.78,-1.09,-1.33,14000.0
1733,2017-10-04,여름,강원,평창군,평창군,1292.64,711.51,1580.0,165000.0,37260.0,-0.66,-1.04,-1.33,14000.0
1734,2017-10-05,여름,강원,평창군,평창군,1293.19,712.33,1580.0,165000.0,37260.0,-0.65,-1.0,-1.34,14000.0
1735,2017-10-06,여름,강원,평창군,평창군,1293.92,712.23,1580.0,165000.0,37260.0,-0.68,-1.02,-1.38,14000.0
1736,2017-10-07,여름,강원,평창군,평창군,1295.04,713.04,1580.0,165000.0,37260.0,-0.54,-1.13,-1.33,14000.0
1737,2017-10-08,여름,강원,평창군,평창군,1295.22,713.59,1580.0,165000.0,37260.0,-0.53,-1.09,-1.36,14000.0
1738,2017-10-09,여름,강원,평창군,평창군,1294.93,713.92,1580.0,165000.0,37260.0,-0.53,-1.17,-1.41,14000.0
1739,2017-10-10,여름,강원,평창군,평창군,1295.41,713.63,1580.0,165000.0,37260.0,-0.5,-1.27,-1.43,12000.0
1740,2017-10-11,여름,강원,평창군,평창군,1295.97,713.76,1580.0,165000.0,37260.0,-0.45,-1.19,-1.47,12000.0
1741,2017-10-12,여름,강원,평창군,평창군,1296.49,715.24,1580.0,165000.0,37260.0,-0.3,-1.11,-1.39,10000.0
1742,2017-10-13,여름,강원,평창군,평창군,1297.05,715.61,1580.0,165000.0,37260.0,-0.26,-1.09,-1.46,8000.0
1743,2017-10-14,여름,강원,평창군,평창군,1297.61,715.89,1580.0,165000.0,37260.0,-0.23,-1.04,-1.42,8000.0
1744,2017-10-15,여름,강원,평창군,평창군,1297.47,715.13,1580.0,165000.0,37260.0,-0.15,-1.04,-1.42,8000.0
1745,2017-10-16,여름,강원,평창군,평창군,1297.67,715.05,1580.0,165000.0,37260.0,-0.06,-1.02,-1.45,7000.0
1746,2017-10-17,여름,강원,평창군,평창군,1298.42,715.56,1580.0,165000.0,37260.0,0.03,-0.99,-1.49,7000.0
1747,2017-10-18,여름,강원,평창군,평창군,1298.61,716.33,1580.0,165000.0,37260.0,0.02,-0.95,-1.49,7000.0
1748,2017-10-19,여름,강원,평창군,평창군,1299.3,717.35,1580.0,165000.0,37260.0,0.06,-0.94,-1.48,7000.0
1749,2017-10-20,여름,강원,평창군,평창군,1299.81,718.88,1580.0,165000.0,37260.0,-0.32,-0.94,-1.48,6000.0
1750,2017-10-21,여름,강원,평창군,평창군,1299.78,719.84,1580.0,165000.0,37260.0,-0.36,-0.96,-1.48,6000.0
1751,2017-10-22,여름,강원,평창군,평창군,1300.27,719.83,1580.0,165000.0,37260.0,-0.35,-1.04,-1.51,6000.0
1752,2017-10-23,가을,전남,해남군,해남군,1282.13,695.98,1892.0,1362000.0,37260.0,0.96,-0.16,-1.06,6000.0
1753,2017-10-24,가을,전남,해남군,해남군,1282.81,695.62,1892.0,1362000.0,37260.0,1.01,-0.14,-1.06,6000.0
1754,2017-10-25,가을,전남,해남군,해남군,1283.1,696.72,1892.0,1362000.0,37260.0,1.06,-0.12,-1.07,6000.0
1755,2017-10-26,가을,전남,해남군,해남군,1283.19,696.39,1892.0,1362000.0,37260.0,1.05,-0.11,-1.07,6000.0
1756,2017-10-27,가을,전남,해남군,해남군,1283.41,695.77,1892.0,1362000.0,37260.0,1.05,-0.07,-1.08,6000.0
1757,2017-10-28,가을,전남,해남군,해남군,1283.67,697.75,1892.0,1362000.0,37260.0,1.03,-0.05,-1.1,6000.0
1758,2017-10-29,가을,전남,해남군,해남군,1283.8,698.07,1892.0,1362000.0,37260.0,1.04,-0.03,-1.1,6000.0
1759,2017-10-30,가을,전남,해남군,해남군,1284.26,698.07,1892.0,1362000.0,37260.0,1.09,-0.06,-1.13,6000.0
1760,2017-10-31,가을,전남,해남군,해남군,1284.47,697.55,1892.0,1362000.0,37260.0,1.43,-0.03,-1.13,6000.0
1761,2017-11-01,가을,전남,해남군,해남군,1285.66,695.98,1892.0,1362000.0,0.0,-0.31,0.02,-1.16,5000.0
1762,2017-11-02,가을,전남,해남군,해남군,1285.95,698.21,1892.0,1362000.0,0.0,-0.33,0.04,-1.18,5000.0
1763,2017-11-03,가을,전남,해남군,해남군,1286.24,698.21,1892.0,1362000.0,0.0,-0.33,0.05,-1.17,5000.0
1764,2017-11-04,가을,전남,해남군,해남군,1286.72,699.91,1892.0,1362000.0,0.0,-0.31,0.05,-1.17,5000.0
1765,2017-11-05,가을,전남,해남군,해남군,1286.89,700.92,1892.0,1362000.0,0.0,-0.53,0.05,-1.19,5000.0
1766,2017-11-06,가을,전남,해남군,해남군,1287.62,700.69,1892.0,1362000.0,0.0,-1.32,0.1,-1.22,5000.0
1767,2017-11-07,가을,전남,해남군,해남군,1288.61,700.62,1892.0,1362000.0,0.0,-1.32,0.08,-1.25,5000.0
1768,2017-11-08,가을,전남,해남군,해남군,1289.96,701.45,1892.0,1362000.0,0.0,-1.46,0.06,-1.26,6000.0
1769,2017-11-09,가을,전남,해남군,해남군,1290.43,700.93,1892.0,1362000.0,0.0,-1.51,0.14,-1.28,6000.0
1770,2017-11-10,가을,전남,해남군,해남군,1291.54,701.23,1892.0,1362000.0,0.0,-1.92,0.15,-1.29,6000.0
1771,2017-11-11,가을,전남,해남군,해남군,1292.47,703.01,1892.0,1362000.0,0.0,-2.32,0.16,-1.31,6000.0
1772,2017-11-12,가을,전남,해남군,해남군,1292.85,703.06,1892.0,1362000.0,0.0,-2.66,0.16,-1.31,6000.0
1773,2017-11-13,가을,전남,해남군,해남군,1293.73,703.06,1892.0,1362000.0,0.0,-3.09,-0.2,-1.32,6000.0
1774,2017-11-14,가을,전남,해남군,해남군,1294.84,703.85,1892.0,1362000.0,0.0,-2.01,-0.2,-1.33,6000.0
1775,2017-11-15,가을,전남,해남군,해남군,1295.8,703.75,1892.0,1362000.0,0.0,-2.01,-0.15,-1.35,6000.0
1776,2017-11-16,가을,전남,해남군,해남군,1297.13,705.19,1892.0,1362000.0,0.0,-1.99,-0.05,-1.35,6000.0
1777,2017-11-17,가을,전남,해남군,해남군,1298.35,706.45,1892.0,1362000.0,0.0,-2.47,-0.03,-1.35,6000.0
1778,2017-11-18,가을,전남,해남군,해남군,1299.25,707.24,1892.0,1362000.0,0.0,-2.32,-0.01,-1.35,6000.0
1779,2017-11-19,가을,전남,해남군,해남군,1299.09,707.04,1892.0,1362000.0,0.0,-3.09,-0.04,-1.37,6000.0
1780,2017-11-20,가을,전남,해남군,해남군,1299.92,707.71,1892.0,1362000.0,0.0,-3.09,-0.29,-1.41,6000.0
1781,2017-11-21,가을,전남,해남군,해남군,1301.29,709.23,1892.0,1362000.0,0.0,-3.09,-0.49,-1.4,6000.0
1782,2017-11-22,가을,전남,해남군,해남군,1302.11,710.14,1892.0,1362000.0,0.0,-2.75,-0.47,-1.41,6000.0
1783,2017-11-23,가을,전남,해남군,해남군,1303.22,710.93,1892.0,1362000.0,0.0,-2.61,-0.46,-1.4,7000.0
1784,2017-11-24,가을,전남,해남군,해남군,1304.4,712.35,1892.0,1362000.0,0.0,-2.61,-0.38,-1.42,7000.0
1785,2017-11-25,가을,전남,해남군,해남군,1305.17,712.74,1892.0,1362000.0,0.0,-2.13,-0.32,-1.43,7000.0
1786,2017-11-26,가을,전남,해남군,해남군,1305.54,713.41,1892.0,1362000.0,0.0,-2.27,-0.31,-1.48,7000.0
1787,2017-11-27,가을,전남,해남군,해남군,1306.7,712.6,1892.0,1362000.0,0.0,-2.42,-0.28,-1.48,6000.0
1788,2017-11-28,가을,전남,해남군,해남군,1307.9,712.62,1892.0,1362000.0,0.0,-2.16,-0.24,-1.47,6000.0
1789,2017-11-29,가을,전남,해남군,해남군,1308.61,713.28,1892.0,1362000.0,0.0,-2.05,-0.12,-1.48,6000.0
1790,2017-11-30,가을,전남,해남군,해남군,1309.2,714.29,1892.0,1362000.0,0.0,-2.45,-0.09,-1.54,6000.0
1791,2017-12-01,가을,전남,해남군,해남군,1311.34,714.5,1892.0,1362000.0,0.0,-3.09,-0.11,-1.54,6000.0
1792,2017-12-02,가을,전남,해남군,해남군,1312.26,717.37,1892.0,1362000.0,0.0,-3.09,-0.01,-1.53,6000.0
1793,2017-12-03,가을,전남,해남군,해남군,1312.67,718.36,1892.0,1362000.0,0.0,-3.09,0.04,-1.53,6000.0
1794,2017-12-04,가을,전남,해남군,해남군,1313.76,718.53,1892.0,1362000.0,0.0,-3.09,0.04,-1.56,6000.0
1795,2017-12-05,가을,전남,해남군,해남군,1314.68,719.06,1892.0,1362000.0,0.0,-3.09,0.06,-1.59,5500.0
1796,2017-12-06,가을,전남,해남군,해남군,1315.08,720.02,1892.0,1362000.0,0.0,-3.09,-0.58,-1.59,5500.0
1797,2017-12-07,가을,전남,해남군,해남군,1315.36,719.95,1892.0,1362000.0,0.0,-3.09,-0.65,-1.64,5500.0
1798,2017-12-08,가을,전남,해남군,해남군,1315.88,721.24,1892.0,1362000.0,0.0,-3.09,-0.63,-1.65,6000.0
1799,2017-12-09,가을,전남,해남군,해남군,1316.57,722.77,1892.0,1362000.0,0.0,-3.09,-0.52,-1.65,6000.0
1800,2017-12-10,가을,전남,해남군,해남군,1316.79,723.13,1892.0,1362000.0,0.0,-3.09,-0.54,-1.66,6000.0
1801,2017-12-11,가을,전남,해남군,해남군,1317.49,723.24,1892.0,1362000.0,0.0,-3.09,-0.72,-1.61,6000.0
1802,2017-12-12,가을,전남,해남군,해남군,1318.3,722.46,1892.0,1362000.0,0.0,-3.09,-0.63,-1.61,6000.0
1803,2017-12-13,가을,전남,해남군,해남군,1318.67,722.32,1892.0,1362000.0,0.0,-3.09,-0.59,-1.62,6000.0
1804,2017-12-14,가을,전남,해남군,해남군,1319.16,722.81,1892.0,1362000.0,0.0,-3.09,-0.52,-1.64,6000.0
1805,2017-12-15,가을,전남,해남군,해남군,1319.3,722.82,1892.0,1362000.0,0.0,-3.09,-0.36,-1.63,6000.0
1806,2017-12-16,가을,전남,해남군,해남군,1319.39,724.17,1892.0,1362000.0,0.0,-2.09,-0.26,-1.63,6000.0
1807,2017-12-17,가을,전남,해남군,해남군,1319.4,723.92,1892.0,1362000.0,0.0,-2.04,-0.21,-1.62,6000.0
1808,2017-12-18,가을,전남,해남군,해남군,1320.09,723.92,1892.0,1362000.0,0.0,-3.09,-0.15,-1.62,6000.0
1809,2017-12-19,가을,전남,해남군,해남군,1320.5,723.86,1892.0,1362000.0,0.0,-1.89,-0.13,-1.62,6000.0
1810,2017-12-20,가을,전남,해남군,해남군,1320.58,724.4,1892.0,1362000.0,0.0,-3.09,-0.1,-1.61,7000.0
1811,2017-12-21,가을,전남,해남군,해남군,1321.08,725.58,1892.0,1362000.0,0.0,-1.41,-0.05,-1.57,7000.0
1812,2017-12-22,가을,전남,해남군,해남군,1321.6,726.46,1892.0,1362000.0,0.0,-1.56,-0.06,-1.58,7000.0
1813,2017-12-23,가을,전남,해남군,해남군,1321.75,726.16,1892.0,1362000.0,0.0,-1.45,-0.03,-1.58,7000.0
1814,2017-12-24,가을,전남,해남군,해남군,1321.32,726.62,1892.0,1362000.0,0.0,-1.19,0.03,-1.58,7000.0
1815,2017-12-25,가을,전남,해남군,해남군,1321.7,726.84,1892.0,1362000.0,0.0,-0.11,0.26,-1.36,7000.0
1816,2017-12-26,가을,전남,해남군,해남군,1322.52,727.38,1892.0,1362000.0,0.0,-0.17,0.26,-1.41,7000.0
1817,2017-12-27,가을,전남,해남군,해남군,1322.8,724.92,1892.0,1362000.0,0.0,-0.15,0.28,-1.42,7000.0
1818,2017-12-28,가을,전남,해남군,해남군,1323.23,725.63,1892.0,1362000.0,0.0,-0.1,0.29,-1.46,7000.0
1819,2017-12-29,가을,전남,해남군,해남군,1323.46,726.11,1892.0,1362000.0,0.0,-0.1,0.3,-1.47,7000.0
1820,2017-12-30,가을,전남,해남군,해남군,1323.5,726.05,1892.0,1362000.0,0.0,-0.06,0.4,-1.48,7000.0
1821,2017-12-31,가을,전남,해남군,해남군,1323.52,725.22,1892.0,1362000.0,0.0,-0.02,-3.09,-1.47,7000.0
1822,2018-01-01,가을,전남,해남군,해남군,1323.96,726.62,1993.0,1404000.0,0.0,-0.01,-3.09,-1.48,7000.0
1823,2018-01-02,겨울,전남,해남군,해남군,1324.5,726.74,3661.0,279900.0,0.0,-0.02,-3.09,-1.46,7000.0
1824,2018-01-03,겨울,전남,해남군,해남군,1325.0,727.12,3661.0,279900.0,0.0,0.06,-2.97,-1.45,7000.0
1825,2018-01-04,겨울,전남,해남군,해남군,1325.02,726.92,3661.0,279900.0,0.0,0.22,-2.23,-1.46,7000.0
1826,2018-01-05,겨울,전남,해남군,해남군,1325.71,726.92,3661.0,279900.0,0.0,0.19,-3.09,-1.46,7000.0
1827,2018-01-06,겨울,전남,해남군,해남군,1326.24,726.59,3661.0,279900.0,0.0,0.28,-3.09,-1.47,7000.0
1828,2018-01-07,겨울,전남,해남군,해남군,1326.13,726.66,3661.0,279900.0,0.0,0.29,-3.09,-1.49,7000.0
1829,2018-01-08,겨울,전남,해남군,해남군,1326.97,725.69,3661.0,279900.0,0.0,0.31,-3.09,-1.52,7000.0
1830,2018-01-09,겨울,전남,해남군,해남군,1327.34,725.89,3661.0,279900.0,0.0,0.53,-3.09,-1.46,7000.0
1831,2018-01-10,겨울,전남,해남군,해남군,1327.78,725.15,3661.0,279900.0,0.0,0.41,-3.09,-1.48,7000.0
1832,2018-01-11,겨울,전남,해남군,해남군,1328.11,726.175,3661.0,279900.0,0.0,0.74,-3.09,-1.38,7000.0
1833,2018-01-12,겨울,전남,해남군,해남군,1328.8,727.2,3661.0,279900.0,0.0,0.96,-3.09,-1.33,7000.0
1834,2018-01-13,겨울,전남,해남군,해남군,1329.52,727.94,3661.0,279900.0,0.0,0.97,-3.09,-1.34,7000.0
1835,2018-01-14,겨울,전남,해남군,해남군,1329.45,729.08,3661.0,279900.0,0.0,1.06,-2.73,-1.38,7000.0
1836,2018-01-15,겨울,전남,해남군,해남군,1330.67,730.02,3661.0,279900.0,0.0,1.05,-3.09,-1.42,6500.0
1837,2018-01-16,겨울,전남,해남군,해남군,1331.38,733.09,3661.0,279900.0,0.0,1.0,-3.09,-1.47,6500.0
1838,2018-01-17,겨울,전남,해남군,해남군,1332.0,733.09,3661.0,279900.0,0.0,1.78,-0.97,-1.11,6000.0
1839,2018-01-18,겨울,전남,해남군,해남군,1332.57,734.84,3661.0,279900.0,0.0,1.99,-0.88,-1.14,6000.0
1840,2018-01-19,겨울,전남,해남군,해남군,1333.21,734.72,3661.0,279900.0,0.0,2.0,-0.9,-1.19,6000.0
1841,2018-01-20,겨울,전남,해남군,해남군,1333.71,734.5,3661.0,279900.0,0.0,1.79,-0.94,-1.23,6000.0
1842,2018-01-21,겨울,전남,해남군,해남군,1333.79,735.14,3661.0,279900.0,0.0,1.83,-0.92,-1.26,6000.0
1843,2018-01-22,겨울,전남,해남군,해남군,1334.65,734.94,3661.0,279900.0,0.0,1.77,-0.9,-1.28,6000.0
1844,2018-01-23,겨울,전남,해남군,해남군,1335.44,735.16,3661.0,279900.0,0.0,1.61,-0.92,-1.31,6000.0
1845,2018-01-24,겨울,전남,해남군,해남군,1336.04,734.46,3661.0,279900.0,0.0,1.02,-0.98,-1.31,6000.0
1846,2018-01-25,겨울,전남,해남군,해남군,1337.08,735.75,3661.0,279900.0,0.0,1.01,-0.95,-1.32,6000.0
1847,2018-01-26,겨울,전남,해남군,해남군,1338.28,737.02,3661.0,279900.0,0.0,1.04,-0.84,-1.32,6000.0
1848,2018-01-27,겨울,전남,해남군,해남군,1338.83,737.49,3661.0,279900.0,0.0,1.03,-0.86,-1.36,6000.0
1849,2018-01-28,겨울,전남,해남군,해남군,1339.34,738.4,3661.0,279900.0,0.0,1.01,-0.87,-1.38,6000.0
1850,2018-01-29,겨울,전남,해남군,해남군,1340.34,739.75,3661.0,279900.0,0.0,0.97,-0.85,-1.38,7000.0
1851,2018-01-30,겨울,전남,해남군,해남군,1341.48,740.65,3661.0,279900.0,0.0,0.92,-0.83,-1.39,7000.0
1852,2018-02-01,겨울,전남,해남군,해남군,1344.17,740.17,3661.0,279900.0,18326.0,0.87,-0.79,-1.41,7000.0
1853,2018-02-02,겨울,전남,해남군,해남군,1345.08,743.6,3661.0,279900.0,18326.0,0.86,-0.79,-1.42,8000.0
1854,2018-02-04,겨울,전남,해남군,해남군,1345.63,745.91,3661.0,279900.0,18326.0,0.8,-0.79,-1.44,8000.0
1855,2018-02-05,겨울,전남,해남군,해남군,1346.52,745.48,3661.0,279900.0,18326.0,0.82,-0.72,-1.43,9000.0
1856,2018-02-06,겨울,전남,해남군,해남군,1347.48,745.31,3661.0,279900.0,18326.0,0.86,-0.66,-1.42,10000.0
1857,2018-02-07,겨울,전남,해남군,해남군,1348.44,746.35,3661.0,279900.0,18326.0,0.89,-0.58,-1.42,10000.0
1858,2018-02-08,겨울,전남,해남군,해남군,1349.05,745.89,3661.0,279900.0,18326.0,0.72,-0.54,-1.43,10000.0
1859,2018-02-09,겨울,전남,해남군,해남군,1349.45,748.46,3661.0,279900.0,18326.0,0.68,-0.5,-1.46,10000.0
1860,2018-02-10,겨울,전남,해남군,해남군,1349.58,748.51,3661.0,279900.0,18326.0,0.2,-0.52,-1.5,10000.0
1861,2018-02-11,겨울,전남,해남군,해남군,1349.29,749.85,3661.0,279900.0,18326.0,-0.15,-0.57,-1.53,10000.0
1862,2018-02-12,겨울,전남,해남군,해남군,1349.88,749.96,3661.0,279900.0,18326.0,-0.07,-0.51,-1.53,8000.0
1863,2018-02-13,겨울,전남,해남군,해남군,1350.16,750.03,3661.0,279900.0,18326.0,-0.1,-0.52,-1.56,8000.0
1864,2018-02-14,겨울,전남,해남군,해남군,1350.38,749.96,3661.0,279900.0,18326.0,-0.15,-0.56,-1.58,8000.0
1865,2018-02-15,겨울,전남,해남군,해남군,1350.72,749.19,3661.0,279900.0,18326.0,-0.21,-0.54,-1.58,8000.0
1866,2018-02-16,겨울,전남,해남군,해남군,1350.76,749.9,3661.0,279900.0,18326.0,-1.44,-0.58,-1.61,8000.0
1867,2018-02-17,겨울,전남,해남군,해남군,1350.89,750.07,3661.0,279900.0,18326.0,-1.65,-0.56,-1.66,8000.0
1868,2018-02-18,겨울,전남,해남군,해남군,1350.99,750.14,3661.0,279900.0,18326.0,-1.67,-0.48,-1.63,8000.0
1869,2018-02-19,겨울,전남,해남군,해남군,1351.05,749.74,3661.0,279900.0,18326.0,-1.66,-0.54,-1.64,8000.0
1870,2018-02-20,겨울,전남,해남군,해남군,1351.05,749.49,3661.0,279900.0,18326.0,-1.64,-0.55,-1.67,8000.0
1871,2018-02-21,겨울,전남,해남군,해남군,1350.91,749.69,3661.0,279900.0,18326.0,-1.6,-0.52,-1.7,8000.0
1872,2018-02-22,겨울,전남,해남군,해남군,1350.89,748.97,3661.0,279900.0,18326.0,-1.58,-0.54,-1.72,8000.0
1873,2018-02-23,겨울,전남,해남군,해남군,1351.02,750.54,3661.0,279900.0,18326.0,-1.61,-0.66,-1.75,8000.0
1874,2018-02-24,겨울,전남,해남군,해남군,1351.03,751.39,3661.0,279900.0,18326.0,-1.78,-0.73,-1.78,8000.0
1875,2018-02-25,겨울,전남,해남군,해남군,1350.75,751.29,3661.0,279900.0,18326.0,-1.81,-0.72,-1.78,8000.0
1876,2018-02-26,겨울,전남,해남군,해남군,1350.89,751.33,3661.0,279900.0,18326.0,-2.11,-0.66,-1.85,8000.0
1877,2018-02-28,겨울,전남,해남군,해남군,1350.73,751.2,3661.0,279900.0,18326.0,-3.0,-0.69,-1.84,8000.0
1878,2018-03-01,겨울,전남,해남군,해남군,1350.89,751.02,3661.0,279900.0,0.0,-0.61,-0.11,-1.51,8000.0
1879,2018-03-02,겨울,전남,해남군,해남군,1350.94,751.0,3661.0,279900.0,0.0,-0.65,-0.13,-1.56,8000.0
1880,2018-03-03,겨울,전남,해남군,해남군,1350.68,751.04,3661.0,279900.0,0.0,-0.66,-0.15,-1.61,8000.0
1881,2018-03-04,겨울,전남,해남군,해남군,1350.75,750.74,3661.0,279900.0,0.0,-0.62,-0.12,-1.64,8000.0
1882,2018-03-05,겨울,전남,해남군,해남군,1350.57,749.73,3661.0,279900.0,0.0,0.01,0.26,-1.34,8000.0
1883,2018-03-06,겨울,전남,해남군,해남군,1350.76,750.7,3661.0,279900.0,0.0,0.05,0.26,-1.37,8000.0
1884,2018-03-07,겨울,전남,해남군,해남군,1350.4,750.88,3661.0,279900.0,0.0,0.02,0.31,-1.44,8000.0
1885,2018-03-08,겨울,전남,해남군,해남군,1350.3,751.08,3661.0,279900.0,0.0,0.31,0.54,-1.29,8000.0
1886,2018-03-09,겨울,전남,해남군,해남군,1350.34,751.06,3661.0,279900.0,0.0,0.7,0.84,-0.97,8000.0
1887,2018-03-10,겨울,전남,해남군,해남군,1350.17,750.99,3661.0,279900.0,0.0,0.64,0.81,-1.06,8000.0
1888,2018-03-11,겨울,전남,해남군,해남군,1349.74,750.61,3661.0,279900.0,0.0,0.61,0.76,-1.18,8000.0
1889,2018-03-12,겨울,전남,해남군,해남군,1350.02,751.01,3661.0,279900.0,0.0,0.63,0.75,-1.21,8000.0
1890,2018-03-13,겨울,전남,해남군,해남군,1349.83,750.99,3661.0,279900.0,0.0,0.63,0.76,-1.24,8000.0
1891,2018-03-14,겨울,전남,해남군,해남군,1349.44,752.26,3661.0,279900.0,0.0,0.58,0.75,-1.26,9000.0
1892,2018-03-15,겨울,전남,해남군,해남군,1349.07,751.23,3661.0,279900.0,0.0,0.56,0.76,-1.36,9000.0
1893,2018-03-16,겨울,전남,해남군,해남군,1348.85,750.43,3661.0,279900.0,0.0,1.71,1.47,1.04,8000.0
1894,2018-03-17,겨울,전남,해남군,해남군,1348.46,751.75,3661.0,279900.0,0.0,1.68,1.43,0.68,8000.0
1895,2018-03-18,겨울,전남,해남군,해남군,1348.28,751.92,3661.0,279900.0,0.0,1.77,1.37,0.47,8000.0
1896,2018-03-19,겨울,전남,해남군,해남군,1347.89,752.23,3661.0,279900.0,0.0,2.01,1.56,0.85,8000.0
1897,2018-03-20,겨울,전남,해남군,해남군,1347.93,751.51,3661.0,279900.0,0.0,2.14,1.67,0.96,8000.0
1898,2018-03-21,겨울,전남,해남군,해남군,1347.38,751.32,3661.0,279900.0,0.0,2.2,1.67,0.93,8000.0
1899,2018-03-22,겨울,전남,해남군,해남군,1347.4,751.78,3661.0,279900.0,0.0,2.27,1.76,1.12,9000.0
1900,2018-03-23,겨울,전남,해남군,해남군,1347.06,750.61,3661.0,279900.0,0.0,2.28,1.76,0.91,9000.0
1901,2018-03-24,겨울,전남,해남군,해남군,1347.21,750.36,3661.0,279900.0,0.0,2.23,1.71,0.71,9000.0
1902,2018-03-25,겨울,전남,해남군,해남군,1346.63,749.81,3661.0,279900.0,0.0,2.02,1.4,0.48,9000.0
1903,2018-03-26,겨울,전남,해남군,해남군,1347.01,749.52,3661.0,279900.0,0.0,2.01,1.37,0.4,9000.0
1904,2018-03-27,겨울,전남,해남군,해남군,1347.13,749.35,3661.0,279900.0,0.0,1.99,1.35,0.35,9000.0
1905,2018-03-28,겨울,전남,해남군,해남군,1346.73,748.6,3661.0,279900.0,0.0,2.08,1.32,0.29,9000.0
1906,2018-03-29,겨울,전남,해남군,해남군,1346.54,749.24,3661.0,279900.0,0.0,2.13,1.32,0.25,8500.0
1907,2018-03-30,겨울,전남,해남군,해남군,1346.42,749.78,3661.0,279900.0,0.0,2.14,1.3,0.21,8500.0
1908,2018-03-31,겨울,전남,해남군,해남군,1345.87,750.1,3661.0,279900.0,0.0,1.74,1.23,0.15,8500.0
1909,2018-04-01,겨울,전남,해남군,해남군,1345.53,749.97,3661.0,279900.0,48523.0,1.72,1.21,0.11,8500.0
1910,2018-04-02,겨울,전남,해남군,해남군,1345.23,749.84,3661.0,279900.0,48523.0,1.66,1.14,-0.03,8500.0
1911,2018-04-03,겨울,전남,해남군,해남군,1345.27,750.03,3661.0,279900.0,48523.0,1.55,1.12,-0.12,8500.0
1912,2018-04-04,겨울,전남,해남군,해남군,1345.23,750.02,3661.0,279900.0,48523.0,1.36,1.08,-0.15,8000.0
1913,2018-04-05,겨울,전남,해남군,해남군,1345.1,749.31,3661.0,279900.0,48523.0,1.62,1.34,0.5,8000.0
1914,2018-04-06,겨울,전남,해남군,해남군,1344.73,749.02,3661.0,279900.0,48523.0,1.6,1.33,0.63,8000.0
1915,2018-04-07,겨울,전남,해남군,해남군,1344.81,748.86,3661.0,279900.0,48523.0,1.6,1.51,1.28,8000.0
1916,2018-04-08,겨울,전남,해남군,해남군,1344.37,748.31,3661.0,279900.0,48523.0,1.37,1.48,1.09,8000.0
1917,2018-04-09,겨울,전남,해남군,해남군,1344.29,748.6,3661.0,279900.0,48523.0,1.39,1.44,1.02,8000.0
1918,2018-04-10,겨울,전남,해남군,해남군,1344.46,748.77,3661.0,279900.0,48523.0,1.36,1.44,0.67,8000.0
1919,2018-04-11,겨울,전남,해남군,해남군,1344.09,748.88,3661.0,279900.0,48523.0,1.33,1.32,0.57,8000.0
1920,2018-04-12,겨울,전남,해남군,해남군,1344.43,748.93,3661.0,279900.0,48523.0,1.27,1.2,0.44,8000.0
1921,2018-04-13,겨울,전남,해남군,해남군,1344.26,748.51,3661.0,279900.0,48523.0,1.21,1.1,0.22,8000.0
1922,2018-04-14,겨울,전남,해남군,해남군,1343.81,748.98,3661.0,279900.0,48523.0,1.22,1.07,0.22,8000.0
1923,2018-04-15,겨울,전남,해남군,해남군,1344.01,748.74,3661.0,279900.0,48523.0,0.71,1.32,0.92,8000.0
1924,2018-04-16,겨울,전남,해남군,해남군,1344.24,748.56,3661.0,279900.0,48523.0,0.77,1.32,0.79,8000.0
1925,2018-04-17,겨울,전남,해남군,해남군,1344.65,748.78,3661.0,279900.0,48523.0,0.76,1.02,0.73,8000.0
1926,2018-04-18,겨울,전남,해남군,해남군,1344.35,749.38,3661.0,279900.0,48523.0,0.46,0.96,0.6,8000.0
1927,2018-04-19,겨울,전남,해남군,해남군,1344.67,749.21,3661.0,279900.0,48523.0,0.14,0.97,0.43,8000.0
1928,2018-04-20,겨울,전남,해남군,해남군,1345.03,749.05,3661.0,279900.0,48523.0,0.08,0.93,0.33,8000.0
1929,2018-04-21,겨울,전남,해남군,해남군,1345.13,749.29,3661.0,279900.0,48523.0,-0.13,0.87,0.22,8000.0
1930,2018-04-22,겨울,전남,해남군,해남군,1345.09,749.4,3661.0,279900.0,48523.0,-0.25,0.76,0.03,8000.0
1931,2018-04-23,겨울,전남,해남군,해남군,1345.26,749.2,3661.0,279900.0,48523.0,-0.17,0.76,0.09,8000.0
1932,2018-04-24,겨울,전남,해남군,해남군,1345.47,749.68,3661.0,279900.0,48523.0,0.47,1.11,1.05,8000.0
1933,2018-04-25,겨울,전남,해남군,해남군,1345.9,750.83,3661.0,279900.0,48523.0,0.56,1.08,1.12,8000.0
1934,2018-04-26,겨울,전남,해남군,해남군,1346.15,750.76,3661.0,279900.0,48523.0,0.55,1.03,0.96,8000.0
1935,2018-04-27,겨울,전남,해남군,해남군,1346.65,751.06,3661.0,279900.0,48523.0,0.47,1.01,0.79,8000.0
1936,2018-04-28,겨울,전남,해남군,해남군,1346.97,751.09,3661.0,279900.0,48523.0,0.42,0.96,0.76,8000.0
1937,2018-04-29,겨울,전남,해남군,해남군,1347.0,750.41,3661.0,279900.0,48523.0,0.39,0.93,0.7,8000.0
1938,2018-04-30,겨울,전남,해남군,해남군,1347.15,750.89,3661.0,279900.0,48523.0,0.34,0.9,0.54,8000.0
1939,2018-05-01,겨울,전남,해남군,해남군,1348.76,750.36,3661.0,279900.0,16170.0,0.29,0.86,0.46,8000.0
1940,2018-05-02,겨울,전남,해남군,해남군,1349.81,751.39,3661.0,279900.0,16170.0,0.33,0.81,0.42,8000.0
1941,2018-05-03,겨울,전남,해남군,해남군,1350.78,752.93,3661.0,279900.0,16170.0,0.34,0.79,0.39,8000.0
1942,2018-05-04,겨울,전남,해남군,해남군,1352.07,752.5,3661.0,279900.0,16170.0,0.31,0.75,0.27,8000.0
1943,2018-05-05,겨울,전남,해남군,해남군,1353.15,752.94,3661.0,279900.0,16170.0,0.02,0.74,0.19,8000.0
1944,2018-05-06,겨울,전남,해남군,해남군,1353.34,753.59,3661.0,279900.0,16170.0,-0.06,0.7,0.07,8000.0
1945,2018-05-07,겨울,전남,해남군,해남군,1353.89,753.64,3661.0,279900.0,16170.0,-0.19,0.76,0.22,8000.0
1946,2018-05-08,봄,충남,예산군,서산시,1366.48,770.93,175.0,370000.0,16170.0,0.57,1.36,0.46,7000.0
1947,2018-05-09,봄,충남,예산군,서산시,1368.35,771.1,175.0,370000.0,16170.0,0.8,1.37,0.7,7000.0
1948,2018-05-10,봄,충남,예산군,서산시,1370.53,772.05,175.0,370000.0,16170.0,0.82,1.37,0.66,7000.0
1949,2018-05-11,봄,충남,예산군,서산시,1372.96,773.67,175.0,370000.0,16170.0,0.8,1.37,0.63,6000.0
1950,2018-05-12,봄,충남,예산군,서산시,1375.39,775.86,175.0,370000.0,16170.0,0.73,1.33,0.58,6000.0
1951,2018-05-13,봄,충남,예산군,서산시,1377.01,777.37,175.0,370000.0,16170.0,1.34,1.72,1.82,6000.0
1952,2018-05-14,봄,충남,예산군,서산시,1378.54,777.85,175.0,370000.0,16170.0,1.24,1.6,1.23,6000.0
1953,2018-05-15,봄,충남,예산군,서산시,1380.5,779.83,175.0,370000.0,16170.0,0.99,1.47,1.25,6000.0
1954,2018-05-16,봄,충남,예산군,서산시,1382.58,780.48,175.0,370000.0,16170.0,1.0,1.44,1.15,6000.0
1955,2018-05-17,봄,충남,예산군,서산시,1384.05,782.34,175.0,370000.0,16170.0,1.07,1.46,1.17,6000.0
1956,2018-05-18,봄,충남,예산군,서산시,1385.24,782.92,175.0,370000.0,16170.0,1.39,1.66,1.95,6000.0
1957,2018-05-19,봄,충남,예산군,서산시,1386.95,785.11,175.0,370000.0,16170.0,1.4,1.63,1.53,6000.0
1958,2018-05-20,봄,충남,예산군,서산시,1387.61,786.32,175.0,370000.0,16170.0,1.37,1.6,1.47,6000.0
1959,2018-05-21,봄,충남,예산군,서산시,1388.96,787.18,175.0,370000.0,16170.0,1.41,1.63,1.48,6000.0
1960,2018-05-22,봄,충남,예산군,서산시,1390.96,788.26,175.0,370000.0,16170.0,1.4,1.62,1.46,6000.0
1961,2018-05-23,봄,충남,예산군,서산시,1392.58,789.55,175.0,370000.0,16170.0,1.49,1.71,1.72,5000.0
1962,2018-05-24,봄,충남,예산군,서산시,1394.92,791.26,175.0,370000.0,16170.0,0.83,1.76,1.78,5000.0
1963,2018-05-25,봄,충남,예산군,서산시,1397.64,793.42,175.0,370000.0,16170.0,0.83,1.75,1.59,5000.0
1964,2018-05-26,봄,충남,예산군,서산시,1399.9,795.3,175.0,370000.0,16170.0,0.75,1.69,1.26,5000.0
1965,2018-05-27,봄,충남,예산군,서산시,1400.92,796.88,175.0,370000.0,16170.0,0.76,1.67,0.9,5000.0
1966,2018-05-28,봄,충남,예산군,서산시,1402.41,797.51,175.0,370000.0,16170.0,0.76,1.68,0.95,4500.0
1967,2018-05-29,봄,충남,예산군,서산시,1403.96,800.37,175.0,370000.0,16170.0,0.79,1.7,0.95,4500.0
1968,2018-05-30,봄,충남,예산군,서산시,1405.19,801.18,175.0,370000.0,16170.0,0.85,1.43,0.97,4500.0
1969,2018-05-31,봄,충남,예산군,서산시,1405.95,801.66,175.0,370000.0,16170.0,0.91,1.42,0.96,4500.0
1970,2018-06-01,봄,충남,예산군,서산시,1407.21,802.84,175.0,370000.0,0.0,0.89,1.39,0.91,4500.0
1971,2018-06-02,봄,충남,예산군,서산시,1407.92,803.9,175.0,370000.0,0.0,0.78,1.34,0.85,4500.0
1972,2018-06-03,봄,충남,예산군,서산시,1408.03,804.33,175.0,370000.0,0.0,0.8,1.12,0.62,4500.0
1973,2018-06-04,봄,충남,예산군,서산시,1408.52,804.2,175.0,370000.0,0.0,0.77,1.04,0.66,4500.0
1974,2018-06-05,봄,충남,예산군,서산시,1408.63,805.89,175.0,370000.0,0.0,0.76,1.06,0.65,4500.0
1975,2018-06-06,봄,충남,예산군,서산시,1408.94,807.2,175.0,370000.0,0.0,0.27,1.01,0.55,4500.0
1976,2018-06-07,봄,충남,예산군,서산시,1409.45,807.49,175.0,370000.0,0.0,0.39,0.95,0.58,4500.0
1977,2018-06-08,봄,충남,예산군,서산시,1409.43,808.22,175.0,370000.0,0.0,0.36,0.94,0.52,4500.0
1978,2018-06-09,봄,충남,예산군,서산시,1409.72,807.63,175.0,370000.0,0.0,0.32,0.89,0.29,4500.0
1979,2018-06-10,봄,충남,예산군,서산시,1409.49,808.01,175.0,370000.0,0.0,0.56,1.03,0.68,4500.0
1980,2018-06-11,봄,충남,예산군,서산시,1409.86,808.18,175.0,370000.0,0.0,0.59,0.96,0.5,4500.0
1981,2018-06-12,봄,충남,예산군,서산시,1409.86,807.85,175.0,370000.0,0.0,-0.27,0.95,0.45,4500.0
1982,2018-06-13,봄,충남,예산군,서산시,1409.81,808.33,175.0,370000.0,0.0,-0.09,0.93,0.43,4500.0
1983,2018-06-14,봄,충남,예산군,서산시,1409.86,807.96,175.0,370000.0,0.0,-0.04,0.77,0.39,5000.0
1984,2018-06-15,봄,충남,예산군,서산시,1409.8,807.86,175.0,370000.0,0.0,0.06,0.75,0.28,5000.0
1985,2018-06-16,봄,충남,예산군,서산시,1409.86,808.56,175.0,370000.0,0.0,0.05,0.75,0.28,5000.0
1986,2018-06-17,봄,충남,예산군,서산시,1409.38,809.14,175.0,370000.0,0.0,-0.63,0.85,0.21,5000.0
1987,2018-06-18,봄,충남,예산군,서산시,1409.61,808.93,175.0,370000.0,0.0,-0.69,0.83,0.16,6000.0
1988,2018-06-19,봄,충남,예산군,서산시,1409.26,808.42,175.0,370000.0,0.0,-0.79,0.81,-0.01,6000.0
1989,2018-06-20,봄,충남,예산군,서산시,1409.24,808.91,175.0,370000.0,0.0,-0.74,0.45,-0.17,6000.0
1990,2018-06-21,봄,충남,예산군,서산시,1408.78,808.91,175.0,370000.0,0.0,-0.76,0.39,-0.25,6000.0
1991,2018-06-22,봄,충남,예산군,서산시,1408.68,809.12,175.0,370000.0,0.0,-1.18,0.39,-0.26,6000.0
1992,2018-06-23,봄,충남,예산군,서산시,1408.31,808.92,175.0,370000.0,0.0,-1.5,0.41,-0.27,6000.0
1993,2018-06-24,봄,충남,예산군,서산시,1408.03,809.16,175.0,370000.0,0.0,-1.4,0.38,-0.33,6000.0
1994,2018-06-25,봄,충남,예산군,서산시,1408.33,808.87,175.0,370000.0,0.0,-1.41,0.33,-0.39,6000.0
1995,2018-06-26,봄,충남,예산군,서산시,1408.09,809.61,175.0,370000.0,0.0,-1.44,0.28,-0.44,6000.0
1996,2018-06-27,봄,충남,예산군,서산시,1408.14,809.85,175.0,370000.0,0.0,0.78,1.11,1.79,6000.0
1997,2018-06-28,봄,충남,예산군,서산시,1408.31,810.06,175.0,370000.0,0.0,0.7,1.07,1.27,6000.0
1998,2018-06-29,봄,충남,예산군,서산시,1408.46,810.09,175.0,370000.0,0.0,0.71,1.09,1.25,6000.0
1999,2018-06-30,봄,충남,예산군,서산시,1408.96,811.75,175.0,370000.0,0.0,0.62,1.04,1.01,6000.0
2000,2018-07-01,봄,충남,예산군,서산시,1408.77,811.75,175.0,370000.0,0.0,0.52,0.99,0.8,6000.0
2001,2018-07-02,봄,충남,예산군,서산시,1408.91,811.67,175.0,370000.0,0.0,1.11,1.37,1.79,6000.0
2002,2018-07-03,봄,충남,예산군,서산시,1409.25,812.14,175.0,370000.0,0.0,1.29,1.48,2.03,6000.0
2003,2018-07-04,봄,충남,예산군,서산시,1410.05,811.96,175.0,370000.0,0.0,1.22,1.4,1.84,6000.0
2004,2018-07-05,봄,충남,예산군,서산시,1409.78,810.45,175.0,370000.0,0.0,1.13,1.29,1.47,6000.0
2005,2018-07-06,봄,충남,예산군,서산시,1410.28,810.3,175.0,370000.0,0.0,1.1,1.22,1.31,6000.0
2006,2018-07-07,봄,충남,예산군,서산시,1410.49,809.9,175.0,370000.0,0.0,1.08,1.24,1.25,6000.0
2007,2018-07-08,봄,충남,예산군,서산시,1410.79,810.27,175.0,370000.0,0.0,1.06,1.21,1.18,6000.0
2008,2018-07-09,봄,충남,예산군,서산시,1410.64,810.91,175.0,370000.0,0.0,1.02,1.15,1.12,7000.0
2009,2018-07-10,봄,충남,예산군,서산시,1411.21,811.35,175.0,370000.0,0.0,0.98,1.16,1.27,7000.0
2010,2018-07-11,봄,충남,예산군,서산시,1411.41,811.32,175.0,370000.0,0.0,0.98,1.14,1.21,8000.0
2011,2018-07-12,봄,충남,예산군,서산시,1411.72,811.5,175.0,370000.0,0.0,0.91,1.11,0.97,8000.0
2012,2018-07-13,봄,충남,예산군,서산시,1411.75,811.4,175.0,370000.0,0.0,0.76,0.98,0.63,8000.0
2013,2018-07-14,봄,충남,예산군,서산시,1412.12,811.39,175.0,370000.0,0.0,0.7,0.87,0.58,8000.0
2014,2018-07-15,봄,충남,예산군,서산시,1412.21,812.63,175.0,370000.0,0.0,0.64,0.83,0.47,8000.0
2015,2018-07-16,여름,강원,평창군,평창군,1422.3,829.76,1260.0,162000.0,0.0,0.21,0.56,-0.21,10000.0
2016,2018-07-17,여름,강원,평창군,평창군,1422.41,829.94,1260.0,162000.0,0.0,0.13,0.5,-0.3,10000.0
2017,2018-07-18,여름,강원,평창군,평창군,1422.38,829.95,1260.0,162000.0,0.0,0.12,0.48,-0.38,10000.0
2018,2018-07-19,여름,강원,평창군,평창군,1422.29,829.24,1260.0,162000.0,0.0,0.12,0.45,-0.4,10000.0
2019,2018-07-20,여름,강원,평창군,평창군,1422.74,829.51,1260.0,162000.0,0.0,0.09,0.42,-0.5,10000.0
2020,2018-07-21,여름,강원,평창군,평창군,1422.85,830.78,1260.0,162000.0,0.0,0.1,0.43,-0.51,10000.0
2021,2018-07-22,여름,강원,평창군,평창군,1422.94,830.98,1260.0,162000.0,0.0,0.1,0.39,-0.53,10000.0
2022,2018-07-23,여름,강원,평창군,평창군,1423.59,831.45,1260.0,162000.0,0.0,0.01,0.1,-0.61,12000.0
2023,2018-07-24,여름,강원,평창군,평창군,1423.35,832.12,1260.0,162000.0,0.0,-0.02,0.01,-0.66,12000.0
2024,2018-07-25,여름,강원,평창군,평창군,1423.36,831.64,1260.0,162000.0,0.0,-0.05,-0.01,-0.81,12000.0
2025,2018-07-26,여름,강원,평창군,평창군,1423.86,831.36,1260.0,162000.0,0.0,0.0,-0.05,-0.85,14000.0
2026,2018-07-27,여름,강원,평창군,평창군,1424.0,832.38,1260.0,162000.0,0.0,-0.3,-0.06,-0.82,15000.0
2027,2018-07-28,여름,강원,평창군,평창군,1424.05,832.45,1260.0,162000.0,0.0,-0.29,-0.1,-0.84,15000.0
2028,2018-07-29,여름,강원,평창군,평창군,1424.35,832.88,1260.0,162000.0,0.0,-0.4,-0.11,-0.82,15000.0
2029,2018-07-30,여름,강원,평창군,평창군,1424.82,833.25,1260.0,162000.0,0.0,-0.36,-0.11,-0.83,15000.0
2030,2018-07-31,여름,강원,평창군,평창군,1425.04,833.44,1260.0,162000.0,0.0,-0.27,-0.09,-0.8,15000.0
2031,2018-08-01,여름,강원,평창군,평창군,1426.07,833.51,1260.0,162000.0,0.0,-0.68,-0.19,-0.83,14000.0
2032,2018-08-02,여름,강원,평창군,평창군,1426.77,834.89,1260.0,162000.0,0.0,-1.38,-0.22,-0.92,14000.0
2033,2018-08-03,여름,강원,평창군,평창군,1427.3,834.37,1260.0,162000.0,0.0,-1.75,-0.26,-0.96,14000.0
2034,2018-08-04,여름,강원,평창군,평창군,1428.03,834.55,1260.0,162000.0,0.0,-3.09,-0.29,-0.96,14000.0
2035,2018-08-05,여름,강원,평창군,평창군,1427.59,834.75,1260.0,162000.0,0.0,-3.09,-0.38,-1.0,14000.0
2036,2018-08-06,여름,강원,평창군,평창군,1427.74,834.63,1260.0,162000.0,0.0,-3.09,-0.36,-1.01,14000.0
2037,2018-08-07,여름,강원,평창군,평창군,1428.44,834.53,1260.0,162000.0,0.0,-3.09,-0.15,-0.62,14000.0
2038,2018-08-08,여름,강원,평창군,평창군,1428.78,835.91,1260.0,162000.0,0.0,-3.09,-0.18,-0.72,14000.0
2039,2018-08-09,여름,강원,평창군,평창군,1428.97,835.56,1260.0,162000.0,0.0,-1.55,-0.07,-0.6,14000.0
2040,2018-08-10,여름,강원,평창군,평창군,1429.5,835.93,1260.0,162000.0,0.0,-0.97,0.03,-0.46,14000.0
2041,2018-08-11,여름,강원,평창군,평창군,1430.05,836.01,1260.0,162000.0,0.0,-1.04,-0.01,-0.54,14000.0
2042,2018-08-12,여름,강원,평창군,평창군,1430.09,836.6,1260.0,162000.0,0.0,-0.94,0.01,-0.6,14000.0
2043,2018-08-13,여름,강원,평창군,평창군,1430.65,837.2,1260.0,162000.0,0.0,-0.95,0.0,-0.64,14000.0
2044,2018-08-14,여름,강원,평창군,평창군,1431.03,837.06,1260.0,162000.0,0.0,-0.89,-0.01,-0.65,14000.0
2045,2018-08-15,여름,강원,평창군,평창군,1431.4,836.95,1260.0,162000.0,0.0,-0.33,0.15,-0.33,14000.0
2046,2018-08-16,여름,강원,평창군,평창군,1431.47,837.43,1260.0,162000.0,0.0,-0.32,-0.1,-0.44,15000.0
2047,2018-08-17,여름,강원,평창군,평창군,1431.8,837.53,1260.0,162000.0,0.0,0.14,-0.17,0.03,17000.0
2048,2018-08-18,여름,강원,평창군,평창군,1431.62,837.9,1260.0,162000.0,0.0,0.12,-0.19,-0.11,17000.0
2049,2018-08-19,여름,강원,평창군,평창군,1431.93,836.77,1260.0,162000.0,0.0,0.07,-0.24,-0.23,17000.0
2050,2018-08-20,여름,강원,평창군,평창군,1432.16,837.29,1260.0,162000.0,0.0,-0.03,-0.29,-0.34,18000.0
2051,2018-08-21,여름,강원,평창군,평창군,1432.29,837.64,1260.0,162000.0,0.0,-0.08,-0.36,-0.43,18000.0
2052,2018-08-22,여름,강원,평창군,평창군,1432.36,837.66,1260.0,162000.0,0.0,-0.07,-0.44,-0.53,19000.0
2053,2018-08-23,여름,강원,평창군,평창군,1432.59,837.94,1260.0,162000.0,0.0,-0.04,-0.43,-0.56,20000.0
2054,2018-08-24,여름,강원,평창군,평창군,1432.59,837.64,1260.0,162000.0,0.0,0.29,-0.21,-0.23,24000.0
2055,2018-08-25,여름,강원,평창군,평창군,1432.83,838.24,1260.0,162000.0,0.0,0.62,0.03,0.12,24000.0
2056,2018-08-26,여름,강원,평창군,평창군,1432.63,837.8,1260.0,162000.0,0.0,0.58,-0.03,-0.06,24000.0
2057,2018-08-27,여름,강원,평창군,평창군,1432.91,838.12,1260.0,162000.0,0.0,0.65,-0.05,-0.1,21000.0
2058,2018-08-28,여름,강원,평창군,평창군,1433.5,838.17,1260.0,162000.0,0.0,0.9,0.15,0.27,21000.0
2059,2018-08-29,여름,강원,평창군,평창군,1433.48,837.95,1260.0,162000.0,0.0,1.03,0.21,0.39,20000.0
2060,2018-08-30,여름,강원,평창군,평창군,1433.69,837.99,1260.0,162000.0,0.0,1.12,0.29,0.53,20000.0
2061,2018-08-31,여름,강원,평창군,평창군,1433.86,838.13,1260.0,162000.0,0.0,1.21,0.35,0.62,18000.0
2062,2018-09-01,여름,강원,평창군,평창군,1434.44,838.09,1260.0,162000.0,0.0,1.05,0.3,0.19,18000.0
2063,2018-09-02,여름,강원,평창군,평창군,1434.42,838.44,1260.0,162000.0,0.0,1.07,0.29,0.14,18000.0
2064,2018-09-03,여름,강원,평창군,평창군,1434.89,838.49,1260.0,162000.0,0.0,1.05,0.25,0.05,17000.0
2065,2018-09-04,여름,강원,평창군,평창군,1435.26,839.27,1260.0,162000.0,0.0,1.17,0.39,0.33,15000.0
2066,2018-09-05,여름,강원,평창군,평창군,1435.62,838.89,1260.0,162000.0,0.0,1.25,0.44,0.42,15000.0
2067,2018-09-06,여름,강원,평창군,평창군,1436.51,840.19,1260.0,162000.0,0.0,1.11,0.43,0.34,15000.0
2068,2018-09-07,여름,강원,평창군,평창군,1436.98,840.25,1260.0,162000.0,0.0,1.11,0.42,0.22,15000.0
2069,2018-09-08,여름,강원,평창군,평창군,1437.97,841.24,1260.0,162000.0,0.0,1.06,0.42,0.21,15000.0
2070,2018-09-09,여름,강원,평창군,평창군,1438.22,841.17,1260.0,162000.0,0.0,0.98,0.39,0.18,15000.0
2071,2018-09-10,여름,강원,평창군,평창군,1438.33,841.51,1260.0,162000.0,0.0,1.06,0.38,0.16,15000.0
2072,2018-09-11,여름,강원,평창군,평창군,1439.05,841.45,1260.0,162000.0,0.0,1.09,0.39,0.16,15000.0
2073,2018-09-12,여름,강원,평창군,평창군,1440.25,842.82,1260.0,162000.0,0.0,1.0,0.37,0.02,15000.0
2074,2018-09-13,여름,강원,평창군,평창군,1441.3,843.65,1260.0,162000.0,0.0,0.95,0.36,-0.05,14000.0
2075,2018-09-14,여름,강원,평창군,평창군,1443.02,844.6,1260.0,162000.0,0.0,0.75,0.33,-0.11,14000.0
2076,2018-09-15,여름,강원,평창군,평창군,1445.45,845.53,1260.0,162000.0,0.0,0.75,0.31,-0.15,14000.0
2077,2018-09-16,여름,강원,평창군,평창군,1446.25,847.24,1260.0,162000.0,0.0,0.5,0.29,-0.19,14000.0
2078,2018-09-17,여름,강원,평창군,평창군,1447.92,848.02,1260.0,162000.0,0.0,0.5,0.27,-0.23,14000.0
2079,2018-09-18,여름,강원,평창군,평창군,1449.29,848.63,1260.0,162000.0,0.0,0.54,0.26,-0.26,14000.0
2080,2018-09-19,여름,강원,평창군,평창군,1450.11,850.27,1260.0,162000.0,0.0,0.61,0.25,-0.29,14000.0
2081,2018-09-20,여름,강원,평창군,평창군,1451.37,850.26,1260.0,162000.0,0.0,0.64,0.26,-0.29,14000.0
2082,2018-09-21,여름,강원,평창군,평창군,1453.15,851.43,1260.0,162000.0,0.0,0.78,0.33,-0.1,14000.0
2083,2018-09-22,여름,강원,평창군,평창군,1455.36,852.79,1260.0,162000.0,0.0,0.89,0.44,0.05,14000.0
2084,2018-09-23,여름,강원,평창군,평창군,1456.56,854.36,1260.0,162000.0,0.0,0.75,0.46,-0.02,14000.0
2085,2018-09-24,여름,강원,평창군,평창군,1456.91,855.97,1260.0,162000.0,0.0,0.54,0.49,-0.05,14000.0
2086,2018-09-25,여름,강원,평창군,평창군,1457.88,855.48,1260.0,162000.0,0.0,0.59,0.35,-0.13,14000.0
2087,2018-09-26,여름,강원,평창군,평창군,1458.75,857.68,1260.0,162000.0,0.0,0.61,0.37,-0.13,14000.0
2088,2018-09-27,여름,강원,평창군,평창군,1459.6,858.35,1260.0,162000.0,0.0,0.37,0.33,-0.14,14000.0
2089,2018-09-28,여름,강원,평창군,평창군,1461.19,859.62,1260.0,162000.0,0.0,0.26,0.34,-0.19,12000.0
2090,2018-09-29,여름,강원,평창군,평창군,1462.65,860.66,1260.0,162000.0,0.0,0.15,0.35,-0.21,12000.0
2091,2018-09-30,여름,강원,평창군,평창군,1463.11,861.52,1260.0,162000.0,0.0,0.03,0.23,-0.22,12000.0
2092,2018-10-01,여름,강원,평창군,평창군,1465.01,863.17,1260.0,162000.0,0.0,0.05,0.12,-0.27,11000.0
2093,2018-10-02,여름,강원,평창군,평창군,1467.52,866.18,1260.0,162000.0,0.0,0.06,0.1,-0.29,10000.0
2094,2018-10-03,여름,강원,평창군,평창군,1469.83,867.2,1260.0,162000.0,0.0,0.14,0.04,-0.3,10000.0
2095,2018-10-04,여름,강원,평창군,평창군,1470.83,869.08,1260.0,162000.0,0.0,-0.14,0.02,-0.29,9000.0
2096,2018-10-05,여름,강원,평창군,평창군,1473.17,869.89,1260.0,162000.0,0.0,-0.28,-0.02,-0.29,9000.0
2097,2018-10-06,여름,강원,평창군,평창군,1475.21,870.9,1260.0,162000.0,0.0,-0.01,0.07,-0.06,9000.0
2098,2018-10-07,여름,강원,평창군,평창군,1476.55,872.04,1260.0,162000.0,0.0,0.35,0.23,0.29,9000.0
2099,2018-10-08,여름,강원,평창군,평창군,1478.18,872.04,1260.0,162000.0,0.0,0.36,0.21,0.21,9000.0
2100,2018-10-09,여름,강원,평창군,평창군,1480.62,875.11,1260.0,162000.0,0.0,0.35,0.21,0.14,9000.0
2101,2018-10-10,여름,강원,평창군,평창군,1482.67,877.04,1260.0,162000.0,0.0,0.36,0.21,0.1,8000.0
2102,2018-10-11,여름,강원,평창군,평창군,1484.6,878.95,1260.0,162000.0,0.0,0.34,0.24,0.05,8000.0
2103,2018-10-12,여름,강원,평창군,평창군,1487.3,880.88,1260.0,162000.0,0.0,0.43,0.25,-0.01,8000.0
2104,2018-10-13,여름,강원,평창군,평창군,1489.47,882.87,1260.0,162000.0,0.0,0.45,0.25,-0.08,8000.0
2105,2018-10-14,여름,강원,평창군,평창군,1490.4,883.97,1260.0,162000.0,0.0,0.49,0.29,-0.12,8000.0
2106,2018-10-15,여름,강원,평창군,평창군,1491.32,884.65,1260.0,162000.0,0.0,0.54,0.34,-0.12,8000.0
2107,2018-10-16,여름,강원,평창군,평창군,1493.07,885.53,1260.0,162000.0,0.0,0.6,0.37,-0.13,8000.0
2108,2018-10-17,여름,강원,평창군,평창군,1494.41,887.62,1260.0,162000.0,0.0,0.67,0.38,-0.15,8000.0
2109,2018-10-18,여름,강원,평창군,평창군,1495.26,889.63,1260.0,162000.0,0.0,0.7,0.43,-0.13,8000.0
2110,2018-10-19,여름,강원,평창군,평창군,1496.48,891.25,1260.0,162000.0,0.0,0.92,0.55,0.23,8000.0
2111,2018-10-20,여름,강원,평창군,평창군,1497.12,892.03,1260.0,162000.0,0.0,0.93,0.56,0.13,8000.0
2112,2018-10-21,여름,강원,평창군,평창군,1497.54,891.79,1260.0,162000.0,0.0,0.79,0.58,0.09,8000.0
2113,2018-10-22,여름,강원,평창군,평창군,1497.58,891.69,1260.0,162000.0,0.0,0.6,0.59,0.05,8000.0
2114,2018-10-23,여름,강원,평창군,평창군,1498.31,893.13,1260.0,162000.0,0.0,0.62,0.61,0.04,8000.0
2115,2018-10-24,여름,강원,평창군,평창군,1499.07,894.28,1260.0,162000.0,0.0,0.6,0.64,-0.01,8000.0
2116,2018-10-25,여름,강원,평창군,평창군,1499.51,894.58,1260.0,162000.0,0.0,0.69,0.68,-0.02,8000.0
2117,2018-10-26,여름,강원,평창군,평창군,1499.38,894.64,1260.0,162000.0,0.0,0.69,0.73,-0.02,8000.0
2118,2018-10-27,여름,강원,평창군,평창군,1499.47,894.16,1260.0,162000.0,0.0,0.71,0.76,0.0,8000.0
2119,2018-10-28,여름,강원,평창군,평창군,1499.67,893.75,1260.0,162000.0,0.0,0.75,0.77,-0.01,8000.0
2120,2018-10-29,가을,전남,해남군,해남군,1484.51,875.84,1993.0,1404000.0,0.0,1.77,0.59,0.27,8000.0
2121,2018-10-30,가을,전남,해남군,해남군,1484.53,875.62,1993.0,1404000.0,0.0,1.86,0.61,0.24,8000.0
2122,2018-10-31,가을,전남,해남군,해남군,1484.67,876.12,1993.0,1404000.0,0.0,2.32,0.66,0.23,8000.0
2123,2018-11-01,가을,전남,해남군,해남군,1484.64,873.86,1993.0,1404000.0,0.0,2.31,0.69,0.2,8000.0
2124,2018-11-02,가을,전남,해남군,해남군,1484.87,875.03,1993.0,1404000.0,0.0,2.22,0.72,0.17,8000.0
2125,2018-11-03,가을,전남,해남군,해남군,1484.69,875.8,1993.0,1404000.0,0.0,2.23,0.72,0.16,8000.0
2126,2018-11-04,가을,전남,해남군,해남군,1484.73,876.05,1993.0,1404000.0,0.0,2.24,0.73,0.16,8000.0
2127,2018-11-05,가을,전남,해남군,해남군,1484.78,875.41,1993.0,1404000.0,0.0,1.7,0.73,0.15,8000.0
2128,2018-11-06,가을,전남,해남군,해남군,1472.98,875.95,1993.0,1404000.0,0.0,-1.37,0.78,0.12,8000.0
2129,2018-11-07,가을,전남,해남군,해남군,1453.34,878.58,1993.0,1404000.0,0.0,-1.36,0.78,0.09,8000.0
2130,2018-11-08,가을,전남,해남군,해남군,1436.51,880.46,1993.0,1404000.0,0.0,-1.39,0.78,0.1,8000.0
2131,2018-11-09,가을,전남,해남군,해남군,1427.31,881.19,1993.0,1404000.0,0.0,-0.18,0.92,0.44,8000.0
2132,2018-11-10,가을,전남,해남군,해남군,1422.42,879.89,1993.0,1404000.0,0.0,-0.19,0.93,0.38,8000.0
2133,2018-11-11,가을,전남,해남군,해남군,1420.31,881.4,1993.0,1404000.0,0.0,-0.26,0.93,0.3,8000.0
2134,2018-11-12,가을,전남,해남군,해남군,1417.58,880.5,1993.0,1404000.0,0.0,-0.09,1.0,0.3,7000.0
2135,2018-11-13,가을,전남,해남군,해남군,1414.2,881.02,1993.0,1404000.0,0.0,0.06,1.04,0.31,7000.0
2136,2018-11-14,가을,전남,해남군,해남군,1412.33,880.53,1993.0,1404000.0,0.0,-0.04,1.05,0.27,7000.0
2137,2018-11-15,가을,전남,해남군,해남군,1409.45,878.61,1993.0,1404000.0,0.0,-0.05,1.1,0.26,7000.0
2138,2018-11-16,가을,전남,해남군,해남군,1407.87,877.9,1993.0,1404000.0,0.0,-0.09,1.14,0.24,7000.0
2139,2018-11-17,가을,전남,해남군,해남군,1406.94,877.09,1993.0,1404000.0,0.0,0.25,1.24,0.37,7000.0
2140,2018-11-18,가을,전남,해남군,해남군,1405.76,877.33,1993.0,1404000.0,0.0,0.2,1.24,0.33,7000.0
2141,2018-11-19,가을,전남,해남군,해남군,1403.93,876.94,1993.0,1404000.0,0.0,0.14,1.25,0.3,7000.0
2142,2018-11-20,가을,전남,해남군,해남군,1401.96,876.47,1993.0,1404000.0,0.0,0.06,1.28,0.25,7000.0
2143,2018-11-21,가을,전남,해남군,해남군,1399.82,875.2,1993.0,1404000.0,0.0,0.07,1.29,0.23,7000.0
2144,2018-11-22,가을,전남,해남군,해남군,1397.26,874.55,1993.0,1404000.0,0.0,0.08,0.73,0.22,7000.0
2145,2018-11-23,가을,전남,해남군,해남군,1395.07,874.11,1993.0,1404000.0,0.0,0.04,0.75,0.19,7000.0
2146,2018-11-24,가을,전남,해남군,해남군,1393.25,873.75,1993.0,1404000.0,0.0,0.08,0.83,0.18,7000.0
2147,2018-11-25,가을,전남,해남군,해남군,1391.84,871.77,1993.0,1404000.0,0.0,0.11,0.86,0.22,7000.0
2148,2018-11-26,가을,전남,해남군,해남군,1390.55,870.61,1993.0,1404000.0,0.0,-0.06,0.89,0.17,7000.0
2149,2018-11-27,가을,전남,해남군,해남군,1387.31,869.91,1993.0,1404000.0,0.0,0.02,1.0,0.16,7000.0
2150,2018-11-28,가을,전남,해남군,해남군,1384.49,868.24,1993.0,1404000.0,0.0,-0.03,1.04,0.12,7000.0
2151,2018-11-29,가을,전남,해남군,해남군,1381.55,866.06,1993.0,1404000.0,0.0,-0.04,1.14,0.11,7000.0
2152,2018-11-30,가을,전남,해남군,해남군,1379.02,865.1,1993.0,1404000.0,0.0,-0.02,1.05,0.07,7000.0
2153,2018-12-01,가을,전남,해남군,해남군,1373.7,862.15,1993.0,1404000.0,0.0,0.02,1.09,0.06,7000.0
2154,2018-12-02,가을,전남,해남군,해남군,1372.27,861.53,1993.0,1404000.0,0.0,0.09,1.28,0.06,7000.0
2155,2018-12-03,가을,전남,해남군,해남군,1370.11,860.78,1993.0,1404000.0,0.0,0.12,1.29,0.07,7000.0
2156,2018-12-04,가을,전남,해남군,해남군,1367.01,859.37,1993.0,1404000.0,0.0,0.24,1.15,0.14,7000.0
2157,2018-12-05,가을,전남,해남군,해남군,1364.07,857.38,1993.0,1404000.0,0.0,0.53,1.29,0.36,7000.0
2158,2018-12-06,가을,전남,해남군,해남군,1362.02,855.04,1993.0,1404000.0,0.0,0.58,1.33,0.31,7000.0
2159,2018-12-07,가을,전남,해남군,해남군,1358.65,855.18,1993.0,1404000.0,0.0,0.76,1.3,0.37,7000.0
2160,2018-12-08,가을,전남,해남군,해남군,1356.42,852.45,1993.0,1404000.0,0.0,0.75,1.33,0.33,7000.0
2161,2018-12-09,가을,전남,해남군,해남군,1355.99,853.26,1993.0,1404000.0,0.0,0.16,1.37,0.3,7000.0
2162,2018-12-10,가을,전남,해남군,해남군,1353.87,852.35,1993.0,1404000.0,0.0,0.16,1.4,0.28,7000.0
2163,2018-12-11,가을,전남,해남군,해남군,1351.14,851.45,1993.0,1404000.0,0.0,0.24,1.44,0.26,7000.0
2164,2018-12-12,가을,전남,해남군,해남군,1347.55,848.75,1993.0,1404000.0,0.0,0.26,1.49,0.29,7000.0
2165,2018-12-13,가을,전남,해남군,해남군,1344.93,847.29,1993.0,1404000.0,0.0,0.18,1.43,0.27,7000.0
2166,2018-12-14,가을,전남,해남군,해남군,1342.0,846.58,1993.0,1404000.0,0.0,0.25,1.44,0.24,6000.0
2167,2018-12-15,가을,전남,해남군,해남군,1339.41,844.53,1993.0,1404000.0,0.0,0.22,1.49,0.21,6000.0
2168,2018-12-16,가을,전남,해남군,해남군,1337.44,842.73,1993.0,1404000.0,0.0,0.21,1.54,0.21,6000.0
2169,2018-12-17,가을,전남,해남군,해남군,1335.7,842.58,1993.0,1404000.0,0.0,-0.03,1.66,0.22,6000.0
2170,2018-12-18,가을,전남,해남군,해남군,1332.65,840.26,1993.0,1404000.0,0.0,0.01,1.65,0.2,6000.0
2171,2018-12-19,가을,전남,해남군,해남군,1328.67,839.21,1993.0,1404000.0,0.0,0.06,1.59,0.18,6000.0
2172,2018-12-20,가을,전남,해남군,해남군,1324.21,835.01,1993.0,1404000.0,0.0,0.17,1.47,0.17,6000.0
2173,2018-12-21,가을,전남,해남군,해남군,1319.8,833.1,1993.0,1404000.0,0.0,0.17,1.44,0.16,6000.0
2174,2018-12-22,가을,전남,해남군,해남군,1315.91,828.09,1993.0,1404000.0,0.0,0.14,1.47,0.15,6000.0
2175,2018-12-23,가을,전남,해남군,해남군,1313.03,827.34,1993.0,1404000.0,0.0,0.2,1.51,0.15,6000.0
2176,2018-12-24,가을,전남,해남군,해남군,1309.42,826.86,1993.0,1404000.0,0.0,0.31,1.56,0.22,6000.0
2177,2018-12-25,가을,전남,해남군,해남군,1306.07,823.73,1993.0,1404000.0,0.0,0.25,1.56,0.2,6000.0
2178,2018-12-26,가을,전남,해남군,해남군,1302.46,822.53,1993.0,1404000.0,0.0,0.24,1.56,0.18,6000.0
2179,2018-12-27,가을,전남,해남군,해남군,1297.58,821.15,1993.0,1404000.0,0.0,0.26,1.55,0.18,5000.0
2180,2018-12-28,가을,전남,해남군,해남군,1294.15,817.78,1993.0,1404000.0,0.0,0.28,1.56,0.15,5000.0
2181,2018-12-29,가을,전남,해남군,해남군,1291.16,815.21,1993.0,1404000.0,0.0,0.34,1.78,0.15,5000.0
2182,2018-12-30,가을,전남,해남군,해남군,1289.22,813.25,1993.0,1404000.0,0.0,0.36,1.83,0.15,5000.0
2183,2018-12-31,가을,전남,해남군,해남군,1287.35,813.2,1993.0,1404000.0,0.0,0.37,1.84,0.12,5000.0
2184,2019-01-01,가을,전남,해남군,해남군,1282.01,812.03,1941.0,1113300.0,24000.0,0.35,1.84,0.11,5000.0
2185,2019-01-02,가을,전남,해남군,해남군,1278.09,812.01,1941.0,1113300.0,24000.0,0.3,1.83,0.1,5000.0
2186,2019-01-03,가을,전남,해남군,해남군,1273.99,812.01,1941.0,1113300.0,24000.0,0.14,1.83,0.09,5000.0
2187,2019-01-04,겨울,전남,해남군,해남군,1270.46,812.02,2640.0,437500.0,24000.0,-0.53,1.22,0.07,6000.0
2188,2019-01-05,겨울,전남,해남군,해남군,1267.46,812.04,2640.0,437500.0,24000.0,-0.55,-0.5,0.06,6000.0
2189,2019-01-06,겨울,전남,해남군,해남군,1265.54,810.99,2640.0,437500.0,24000.0,-0.97,-0.46,0.04,6000.0
2190,2019-01-07,겨울,전남,해남군,해남군,1262.56,810.02,2640.0,437500.0,24000.0,-0.96,-0.47,0.03,6000.0
2191,2019-01-08,겨울,전남,해남군,해남군,1259.7,791.61,2640.0,437500.0,24000.0,-0.99,-0.49,0.0,5000.0
2192,2019-01-09,겨울,전남,해남군,해남군,1257.26,784.65,2640.0,437500.0,24000.0,-1.04,-0.5,-0.01,4500.0
2193,2019-01-10,겨울,전남,해남군,해남군,1254.74,781.43,2640.0,437500.0,24000.0,-1.08,-0.43,-0.03,4500.0
2194,2019-01-11,겨울,전남,해남군,해남군,1253.3,774.3,2640.0,437500.0,24000.0,-1.26,-0.4,-0.03,4500.0
2195,2019-01-12,겨울,전남,해남군,해남군,1252.28,772.82,2640.0,437500.0,24000.0,-1.15,-0.38,-0.04,4500.0
2196,2019-01-13,겨울,전남,해남군,해남군,1251.5,772.49,2640.0,437500.0,24000.0,-0.9,-0.34,0.0,4500.0
2197,2019-01-14,겨울,전남,해남군,해남군,1250.6,773.09,2640.0,437500.0,24000.0,-0.97,-0.34,-0.02,4000.0
2198,2019-01-15,겨울,전남,해남군,해남군,1249.75,773.03,2640.0,437500.0,24000.0,-1.02,-0.34,-0.05,4000.0
2199,2019-01-16,겨울,전남,해남군,해남군,1248.78,771.61,2640.0,437500.0,24000.0,-1.07,-0.37,-0.07,4000.0
2200,2019-01-17,겨울,전남,해남군,해남군,1247.43,770.48,2640.0,437500.0,24000.0,-1.06,-0.37,-0.1,4000.0
2201,2019-01-18,겨울,전남,해남군,해남군,1247.02,769.49,2640.0,437500.0,24000.0,-1.17,-0.38,-0.13,4000.0
2202,2019-01-19,겨울,전남,해남군,해남군,1246.37,768.98,2640.0,437500.0,24000.0,-1.17,-0.4,-0.14,4000.0
2203,2019-01-20,겨울,전남,해남군,해남군,1245.97,767.07,2640.0,437500.0,24000.0,-1.13,-0.39,-0.14,4000.0
2204,2019-01-21,겨울,전남,해남군,해남군,1245.74,767.45,2640.0,437500.0,24000.0,-1.12,-0.41,-0.17,4000.0
2205,2019-01-22,겨울,전남,해남군,해남군,1244.86,765.99,2640.0,437500.0,24000.0,-1.22,-0.41,-0.19,4000.0
2206,2019-01-23,겨울,전남,해남군,해남군,1244.58,764.94,2640.0,437500.0,24000.0,-1.73,-0.43,-0.24,4000.0
2207,2019-01-24,겨울,전남,해남군,해남군,1244.34,765.64,2640.0,437500.0,24000.0,-1.71,-0.42,-0.27,4000.0
2208,2019-01-25,겨울,전남,해남군,해남군,1244.1,763.8,2640.0,437500.0,24000.0,-1.76,-0.59,-0.28,4000.0
2209,2019-01-26,겨울,전남,해남군,해남군,1243.72,763.35,2640.0,437500.0,24000.0,-1.79,-0.51,-0.27,4000.0
2210,2019-01-27,겨울,전남,해남군,해남군,1243.56,761.68,2640.0,437500.0,24000.0,-2.12,-0.53,-0.3,4000.0
2211,2019-01-28,겨울,전남,해남군,해남군,1243.33,761.64,2640.0,437500.0,24000.0,-2.08,-0.54,-0.32,4000.0
2212,2019-01-29,겨울,전남,해남군,해남군,1242.96,761.02,2640.0,437500.0,24000.0,-1.89,-0.52,-0.31,4000.0
2213,2019-01-30,겨울,전남,해남군,해남군,1243.29,760.95,2640.0,437500.0,24000.0,-2.79,-0.51,-0.32,4000.0
2214,2019-01-31,겨울,전남,해남군,해남군,1242.67,760.48,2640.0,437500.0,24000.0,-2.15,-0.46,-0.32,4000.0
2215,2019-02-01,겨울,전남,해남군,해남군,1242.5,759.73,2640.0,437500.0,15000.0,-0.74,-0.17,0.0,4000.0
2216,2019-02-02,겨울,전남,해남군,해남군,1242.82,760.67,2640.0,437500.0,15000.0,-0.85,-0.17,-0.05,4000.0
2217,2019-02-03,겨울,전남,해남군,해남군,1242.37,760.92,2640.0,437500.0,15000.0,-0.82,-0.17,-0.1,4000.0
2218,2019-02-04,겨울,전남,해남군,해남군,1242.29,760.65,2640.0,437500.0,15000.0,-0.41,-0.01,0.06,4000.0
2219,2019-02-05,겨울,전남,해남군,해남군,1242.01,760.23,2640.0,437500.0,15000.0,-0.39,0.08,0.03,4000.0
2220,2019-02-06,겨울,전남,해남군,해남군,1241.75,760.47,2640.0,437500.0,15000.0,-0.42,0.08,0.01,4000.0
2221,2019-02-07,겨울,전남,해남군,해남군,1241.63,759.98,2640.0,437500.0,15000.0,-0.47,-0.61,-0.01,4000.0
2222,2019-02-08,겨울,전남,해남군,해남군,1241.48,757.48,2640.0,437500.0,15000.0,-0.41,-0.59,-0.02,4000.0
2223,2019-02-09,겨울,전남,해남군,해남군,1241.25,757.76,2640.0,437500.0,15000.0,-0.39,-0.54,-0.09,4000.0
2224,2019-02-10,겨울,전남,해남군,해남군,1240.87,757.05,2640.0,437500.0,15000.0,-0.5,-0.65,-0.13,4000.0
2225,2019-02-11,겨울,전남,해남군,해남군,1241.09,756.72,2640.0,437500.0,15000.0,-0.54,-0.79,-0.19,4000.0
2226,2019-02-12,겨울,전남,해남군,해남군,1240.82,756.03,2640.0,437500.0,15000.0,-0.62,-0.78,-0.24,4000.0
2227,2019-02-13,겨울,전남,해남군,해남군,1240.48,755.13,2640.0,437500.0,15000.0,-0.64,-0.78,-0.27,4000.0
2228,2019-02-14,겨울,전남,해남군,해남군,1240.44,755.76,2640.0,437500.0,15000.0,-0.71,-0.8,-0.3,4000.0
2229,2019-02-15,겨울,전남,해남군,해남군,1240.57,755.51,2640.0,437500.0,15000.0,-0.73,-1.15,-0.31,4000.0
2230,2019-02-16,겨울,전남,해남군,해남군,1240.52,754.8,2640.0,437500.0,15000.0,-0.66,-1.12,-0.36,4000.0
2231,2019-02-17,겨울,전남,해남군,해남군,1240.27,754.15,2640.0,437500.0,15000.0,-0.68,-1.13,-0.42,4000.0
2232,2019-02-18,겨울,전남,해남군,해남군,1240.33,753.89,2640.0,437500.0,15000.0,-0.74,-1.08,-0.43,4000.0
2233,2019-02-19,겨울,전남,해남군,해남군,1240.54,753.71,2640.0,437500.0,15000.0,-0.8,-1.08,-0.47,4000.0
2234,2019-02-20,겨울,전남,해남군,해남군,1240.6,755.33,2640.0,437500.0,15000.0,0.27,-0.25,0.3,4000.0
2235,2019-02-21,겨울,전남,해남군,해남군,1240.58,756.12,2640.0,437500.0,15000.0,0.29,-0.23,0.18,4000.0
2236,2019-02-22,겨울,전남,해남군,해남군,1240.97,756.86,2640.0,437500.0,15000.0,0.34,-0.41,0.07,4000.0
2237,2019-02-23,겨울,전남,해남군,해남군,1241.37,756.1,2640.0,437500.0,15000.0,0.28,-0.47,-0.05,4000.0
2238,2019-02-24,겨울,전남,해남군,해남군,1241.66,757.48,2640.0,437500.0,15000.0,0.28,-0.51,-0.16,4000.0
2239,2019-02-25,겨울,전남,해남군,해남군,1242.09,756.57,2640.0,437500.0,15000.0,0.28,-0.56,-0.17,3500.0
2240,2019-02-26,겨울,전남,해남군,해남군,1242.52,755.91,2640.0,437500.0,15000.0,0.19,-0.57,-0.27,3500.0
2241,2019-02-27,겨울,전남,해남군,해남군,1242.67,756.41,2640.0,437500.0,15000.0,0.17,-0.58,-0.29,3500.0
2242,2019-02-28,겨울,전남,해남군,해남군,1243.32,756.44,2640.0,437500.0,15000.0,0.16,-0.51,-0.28,3500.0
2243,2019-03-01,겨울,전남,해남군,해남군,1244.11,756.53,2640.0,437500.0,0.0,-0.23,-0.45,-0.33,3500.0
2244,2019-03-02,겨울,전남,해남군,해남군,1244.3,756.45,2640.0,437500.0,0.0,-0.87,-0.34,-0.36,3500.0
2245,2019-03-03,겨울,전남,해남군,해남군,1244.87,756.27,2640.0,437500.0,0.0,-0.26,-0.49,-0.4,3500.0
2246,2019-03-04,겨울,전남,해남군,해남군,1244.98,756.72,2640.0,437500.0,0.0,-0.5,-0.62,-0.42,3500.0
2247,2019-03-05,겨울,전남,해남군,해남군,1245.32,756.42,2640.0,437500.0,0.0,-0.59,-1.04,-0.47,3500.0
2248,2019-03-06,겨울,전남,해남군,해남군,1246.35,756.7,2640.0,437500.0,0.0,-0.64,-1.05,-0.51,3500.0
2249,2019-03-07,겨울,전남,해남군,해남군,1246.93,757.3,2640.0,437500.0,0.0,-0.47,-1.13,-0.42,3500.0
2250,2019-03-08,겨울,전남,해남군,해남군,1247.71,756.76,2640.0,437500.0,0.0,-0.56,-1.17,-0.52,3500.0
2251,2019-03-09,겨울,전남,해남군,해남군,1248.91,757.64,2640.0,437500.0,0.0,-0.57,-1.17,-0.54,3500.0
2252,2019-03-10,겨울,전남,해남군,해남군,1249.2,757.98,2640.0,437500.0,0.0,-0.49,-1.11,-0.47,3500.0
2253,2019-03-11,겨울,전남,해남군,해남군,1249.65,758.46,2640.0,437500.0,0.0,0.16,-0.61,0.1,3500.0
2254,2019-03-12,겨울,전남,해남군,해남군,1250.62,759.13,2640.0,437500.0,0.0,0.28,-0.64,0.08,3500.0
2255,2019-03-13,겨울,전남,해남군,해남군,1252.01,759.64,2640.0,437500.0,0.0,0.28,-0.65,0.02,3500.0
2256,2019-03-14,겨울,전남,해남군,해남군,1253.66,759.49,2640.0,437500.0,0.0,0.28,-0.68,-0.07,3500.0
2257,2019-03-15,겨울,전남,해남군,해남군,1256.14,759.35,2640.0,437500.0,0.0,0.25,-0.75,-0.2,3500.0
2258,2019-03-16,겨울,전남,해남군,해남군,1258.79,761.5,2640.0,437500.0,0.0,0.19,-0.83,-0.34,3500.0
2259,2019-03-17,겨울,전남,해남군,해남군,1259.91,762.08,2640.0,437500.0,0.0,0.16,-0.93,-0.49,3500.0
2260,2019-03-18,겨울,전남,해남군,해남군,1262.18,764.07,2640.0,437500.0,0.0,0.13,-0.92,-0.54,3500.0
2261,2019-03-19,겨울,전남,해남군,해남군,1263.84,764.96,2640.0,437500.0,0.0,0.06,-1.01,-0.58,3500.0
2262,2019-03-20,겨울,전남,해남군,해남군,1265.81,765.87,2640.0,437500.0,0.0,-0.95,-1.08,-0.65,3500.0
2263,2019-03-21,겨울,전남,해남군,해남군,1267.64,767.96,2640.0,437500.0,0.0,-0.33,-0.64,-0.1,3500.0
2264,2019-03-22,겨울,전남,해남군,해남군,1269.87,769.74,2640.0,437500.0,0.0,-0.33,-0.63,-0.3,3500.0
2265,2019-03-23,겨울,전남,해남군,해남군,1271.78,771.76,2640.0,437500.0,0.0,-0.25,-0.68,-0.38,3500.0
2266,2019-03-24,겨울,전남,해남군,해남군,1272.65,771.67,2640.0,437500.0,0.0,-0.22,-0.8,-0.49,3500.0
2267,2019-03-25,겨울,전남,해남군,해남군,1274.11,772.0,2640.0,437500.0,0.0,-0.28,-0.81,-0.59,3500.0
2268,2019-03-26,겨울,전남,해남군,해남군,1275.58,772.48,2640.0,437500.0,0.0,-0.3,-0.87,-0.63,3500.0
2269,2019-03-27,겨울,전남,해남군,해남군,1276.98,774.38,2640.0,437500.0,0.0,-0.29,-0.83,-0.63,3500.0
2270,2019-03-28,겨울,전남,해남군,해남군,1278.77,775.51,2640.0,437500.0,0.0,-0.29,-0.82,-0.64,3500.0
2271,2019-03-29,겨울,전남,해남군,해남군,1279.66,775.59,2640.0,437500.0,0.0,-0.26,-0.83,-0.66,3500.0
2272,2019-03-30,겨울,전남,해남군,해남군,1280.79,776.9,2640.0,437500.0,0.0,-0.35,-0.89,-0.7,3500.0
2273,2019-03-31,겨울,전남,해남군,해남군,1280.86,775.97,2640.0,437500.0,0.0,-0.39,-0.89,-0.71,3500.0
2274,2019-04-01,겨울,전남,해남군,해남군,1282.65,775.45,2640.0,437500.0,1.7,-0.42,-0.89,-0.71,3500.0
2275,2019-04-02,겨울,전남,해남군,해남군,1284.59,778.29,2640.0,437500.0,1.7,-0.25,-0.46,-0.75,3500.0
2276,2019-04-03,겨울,전남,해남군,해남군,1285.97,780.67,2640.0,437500.0,1.7,-0.43,-0.93,-0.79,3000.0
2277,2019-04-04,겨울,전남,해남군,해남군,1287.25,782.8,2640.0,437500.0,1.7,-0.42,-0.92,-0.81,3000.0
2278,2019-04-05,겨울,전남,해남군,해남군,1288.51,781.65,2640.0,437500.0,1.7,-0.46,-1.0,-0.9,3000.0
2279,2019-04-06,겨울,전남,해남군,해남군,1289.99,785.37,2640.0,437500.0,1.7,-0.47,-1.04,-0.89,3000.0
2280,2019-04-07,겨울,전남,해남군,해남군,1290.59,786.31,2640.0,437500.0,1.7,-0.6,-1.1,-1.0,3000.0
2281,2019-04-08,겨울,전남,해남군,해남군,1291.56,785.88,2640.0,437500.0,1.7,-0.33,-0.86,-0.53,3000.0
2282,2019-04-09,겨울,전남,해남군,해남군,1292.89,786.97,2640.0,437500.0,1.7,-0.31,-0.85,-0.59,3000.0
2283,2019-04-10,겨울,전남,해남군,해남군,1294.78,788.24,2640.0,437500.0,1.7,-0.07,-0.66,-0.33,3000.0
2284,2019-04-11,겨울,전남,해남군,해남군,1296.12,788.74,2640.0,437500.0,1.7,-0.55,-0.66,-0.41,3000.0
2285,2019-04-12,겨울,전남,해남군,해남군,1297.53,789.35,2640.0,437500.0,1.7,-0.77,-0.71,-0.5,3000.0
2286,2019-04-13,겨울,전남,해남군,해남군,1299.26,790.45,2640.0,437500.0,1.7,-0.84,-0.8,-0.59,3000.0
2287,2019-04-14,겨울,전남,해남군,해남군,1299.97,790.72,2640.0,437500.0,1.7,-0.85,-0.83,-0.64,3000.0
2288,2019-04-15,겨울,전남,해남군,해남군,1301.06,791.74,2640.0,437500.0,1.7,-0.86,-0.84,-0.7,3000.0
2289,2019-04-16,겨울,전남,해남군,해남군,1302.48,791.37,2640.0,437500.0,1.7,-0.8,-0.87,-0.75,3000.0
2290,2019-04-17,겨울,전남,해남군,해남군,1304.52,792.92,2640.0,437500.0,1.7,-0.78,-0.87,-0.76,3000.0
2291,2019-04-18,겨울,전남,해남군,해남군,1306.18,793.91,2640.0,437500.0,1.7,-0.65,-0.82,-0.71,3000.0
2292,2019-04-19,겨울,전남,해남군,해남군,1307.66,794.7,2640.0,437500.0,1.7,-0.72,-0.96,-0.96,3000.0
2293,2019-04-20,겨울,전남,해남군,해남군,1309.37,795.73,2640.0,437500.0,1.7,-0.7,-0.98,-0.95,3000.0
2294,2019-04-21,겨울,전남,해남군,해남군,1310.07,796.18,2640.0,437500.0,1.7,-1.36,-1.01,-1.04,3000.0
2295,2019-04-22,겨울,전남,해남군,해남군,1311.4,796.91,2640.0,437500.0,1.7,-1.34,-1.06,-1.17,3000.0
2296,2019-04-23,겨울,전남,해남군,해남군,1313.11,798.73,2640.0,437500.0,1.7,-1.37,-1.04,-1.12,3000.0
2297,2019-04-24,겨울,전남,해남군,해남군,1316.2,799.8,2640.0,437500.0,1.7,-1.14,-0.93,-0.97,3000.0
2298,2019-04-25,겨울,전남,해남군,해남군,1318.35,800.79,2640.0,437500.0,1.7,-0.88,-0.94,-1.02,3000.0
2299,2019-04-26,겨울,전남,해남군,해남군,1320.55,803.49,2640.0,437500.0,1.7,-0.83,-0.93,-1.01,3000.0
2300,2019-04-27,겨울,전남,해남군,해남군,1322.46,805.04,2640.0,437500.0,1.7,-0.81,-0.96,-0.99,3000.0
2301,2019-04-28,겨울,전남,해남군,해남군,1323.08,806.16,2640.0,437500.0,1.7,-0.85,-0.99,-1.04,3000.0
2302,2019-04-29,겨울,전남,해남군,해남군,1325.14,805.66,2640.0,437500.0,1.7,-1.12,-1.08,-1.15,3000.0
2303,2019-04-30,겨울,전남,해남군,해남군,1326.94,806.58,2640.0,437500.0,1.7,-0.68,-0.81,-0.62,3000.0
2304,2019-05-01,겨울,전남,해남군,해남군,1329.96,807.3,2640.0,437500.0,0.0,-0.71,-1.0,-0.75,3000.0
2305,2019-05-02,겨울,전남,해남군,해남군,1332.13,809.22,2640.0,437500.0,0.0,-0.42,-0.9,-0.82,3000.0
2306,2019-05-03,겨울,전남,해남군,해남군,1334.76,810.45,2640.0,437500.0,0.0,-0.67,-1.02,-0.86,3000.0
2307,2019-05-04,겨울,전남,해남군,해남군,1337.57,814.08,2640.0,437500.0,0.0,-0.7,-1.15,-0.96,3000.0
2308,2019-05-05,겨울,전남,해남군,해남군,1339.03,814.96,2640.0,437500.0,0.0,-0.7,-1.16,-1.0,3000.0
2309,2019-05-06,겨울,전남,해남군,해남군,1340.57,815.78,2640.0,437500.0,0.0,-0.67,-1.14,-0.92,3000.0
2310,2019-05-07,겨울,전남,해남군,해남군,1354.02,817.54,2640.0,437500.0,0.0,-0.69,-1.17,-0.91,3000.0
2311,2019-05-08,겨울,전남,해남군,해남군,1363.89,818.19,2640.0,437500.0,0.0,-1.06,-1.2,-1.04,3000.0
2312,2019-05-09,겨울,전남,해남군,해남군,1370.68,820.15,2640.0,437500.0,0.0,-1.07,-1.2,-1.06,3000.0
2313,2019-05-10,겨울,전남,해남군,해남군,1373.01,821.01,2640.0,437500.0,0.0,-1.39,-1.21,-1.11,3000.0
2314,2019-05-11,겨울,전남,해남군,해남군,1375.39,821.22,2640.0,437500.0,0.0,-1.53,-1.27,-1.23,3000.0
2315,2019-05-12,겨울,전남,해남군,해남군,1375.85,822.18,2640.0,437500.0,0.0,-1.55,-1.31,-1.26,3000.0
2316,2019-05-13,겨울,전남,해남군,해남군,1376.99,822.62,2640.0,437500.0,0.0,-1.59,-1.32,-1.35,3000.0
2317,2019-05-14,겨울,전남,해남군,해남군,1378.89,823.04,2640.0,437500.0,0.0,-1.61,-1.35,-1.38,3000.0
2318,2019-05-15,겨울,전남,해남군,해남군,1379.35,822.81,2640.0,437500.0,0.0,-1.62,-1.37,-1.43,3000.0
2319,2019-05-16,겨울,전남,해남군,해남군,1380.25,824.48,2640.0,437500.0,0.0,-1.58,-1.36,-1.46,3000.0
2320,2019-05-17,겨울,전남,해남군,해남군,1381.01,823.89,2640.0,437500.0,0.0,-1.58,-1.33,-1.51,3500.0
2321,2019-05-18,겨울,전남,해남군,해남군,1381.7,823.45,2640.0,437500.0,0.0,-1.44,-1.25,-1.38,3500.0
2322,2019-05-19,겨울,전남,해남군,해남군,1382.05,823.64,2640.0,437500.0,0.0,-0.26,-0.58,0.04,3500.0
2323,2019-05-20,겨울,전남,해남군,해남군,1382.53,824.39,2640.0,437500.0,0.0,-0.28,-0.9,-0.21,4500.0
2324,2019-05-21,봄,경북,문경시,문경시,1387.2,845.17,318.0,270000.0,0.0,-0.38,-0.9,-0.68,4500.0
2325,2019-05-22,봄,경북,문경시,문경시,1387.55,845.53,318.0,270000.0,0.0,-0.34,-0.91,-0.74,4500.0
2326,2019-05-23,봄,경북,문경시,문경시,1387.31,846.07,318.0,270000.0,0.0,-0.38,-0.93,-0.8,4500.0
2327,2019-05-25,봄,경북,문경시,문경시,1388.04,846.9,318.0,270000.0,0.0,-0.88,-0.91,-0.83,4500.0
2328,2019-05-26,봄,경북,문경시,문경시,1387.88,846.33,318.0,270000.0,0.0,-1.08,-0.93,-0.86,4500.0
2329,2019-05-27,봄,경북,문경시,문경시,1387.93,846.61,318.0,270000.0,0.0,-1.63,-0.98,-0.95,4500.0
2330,2019-05-28,봄,경북,문경시,문경시,1388.27,846.68,318.0,270000.0,0.0,-0.52,-0.46,0.16,4500.0
2331,2019-05-29,봄,경북,문경시,문경시,1388.57,846.94,318.0,270000.0,0.0,-0.53,-0.47,-0.02,4500.0
2332,2019-05-30,봄,경북,문경시,문경시,1388.34,847.03,318.0,270000.0,0.0,-0.77,-0.47,-0.09,4000.0
2333,2019-05-31,봄,경북,문경시,문경시,1388.38,846.27,318.0,270000.0,0.0,-0.71,-0.48,-0.17,4000.0
2334,2019-06-01,봄,경북,문경시,문경시,1387.87,846.44,318.0,270000.0,0.0,-0.73,-0.49,-0.22,4000.0
2335,2019-06-02,봄,경북,문경시,문경시,1387.89,846.66,318.0,270000.0,0.0,-0.78,-0.52,-0.32,4000.0
2336,2019-06-03,봄,경북,문경시,문경시,1387.49,846.71,318.0,270000.0,0.0,-0.77,-0.55,-0.42,4000.0
2337,2019-06-04,봄,경북,문경시,문경시,1386.76,846.54,318.0,270000.0,0.0,-0.72,-0.53,-0.45,4000.0
2338,2019-06-05,봄,경북,문경시,문경시,1386.22,847.16,318.0,270000.0,0.0,-0.71,-0.51,-0.45,4000.0
2339,2019-06-06,봄,경북,문경시,문경시,1384.86,847.17,318.0,270000.0,0.0,-0.72,-0.51,-0.52,4000.0
2340,2019-06-07,봄,경북,문경시,문경시,1384.56,847.46,318.0,270000.0,0.0,-0.23,-0.31,0.01,4500.0
2341,2019-06-08,봄,경북,문경시,문경시,1383.65,847.96,318.0,270000.0,0.0,0.44,0.03,0.71,4500.0
2342,2019-06-09,봄,경북,문경시,문경시,1383.31,847.96,318.0,270000.0,0.0,0.38,-0.02,0.39,4500.0
2343,2019-06-10,봄,경북,문경시,문경시,1382.36,847.76,318.0,270000.0,0.0,0.37,-0.02,0.31,4500.0
2344,2019-06-11,봄,경북,문경시,문경시,1380.8,847.91,318.0,270000.0,0.0,0.35,-0.08,0.19,4500.0
2345,2019-06-12,봄,경북,문경시,문경시,1378.98,846.89,318.0,270000.0,0.0,0.42,-0.09,0.14,5000.0
2346,2019-06-13,봄,경북,문경시,문경시,1377.46,846.36,318.0,270000.0,0.0,0.45,-0.13,0.07,5500.0
2347,2019-06-14,봄,경북,문경시,문경시,1375.66,846.38,318.0,270000.0,0.0,0.58,-0.13,0.03,5500.0
2348,2019-06-15,봄,경북,문경시,문경시,1373.57,845.43,318.0,270000.0,0.0,0.58,-0.15,-0.09,5500.0
2349,2019-06-16,봄,경북,문경시,문경시,1372.15,844.52,318.0,270000.0,0.0,0.59,-0.16,-0.09,5500.0
2350,2019-06-17,봄,경북,문경시,문경시,1369.63,844.18,318.0,270000.0,0.0,0.58,-0.17,-0.2,5500.0
2351,2019-06-18,봄,경북,문경시,문경시,1367.03,843.52,318.0,270000.0,0.0,0.54,-0.21,-0.29,6000.0
2352,2019-06-19,봄,경북,문경시,문경시,1364.69,841.94,318.0,270000.0,0.0,0.31,-0.3,-0.44,6000.0
2353,2019-06-20,봄,경북,문경시,문경시,1362.37,840.28,318.0,270000.0,0.0,0.22,-0.36,-0.57,6000.0
2354,2019-06-21,봄,경북,문경시,문경시,1360.24,838.97,318.0,270000.0,0.0,0.12,-0.52,-0.57,6000.0
2355,2019-06-22,봄,경북,문경시,문경시,1358.81,837.85,318.0,270000.0,0.0,0.11,-0.59,-0.58,6000.0
2356,2019-06-23,봄,경북,문경시,문경시,1358.19,837.85,318.0,270000.0,0.0,0.08,-0.62,-0.63,6000.0
2357,2019-06-24,봄,경북,문경시,문경시,1357.1,837.07,318.0,270000.0,0.0,0.05,-0.7,-0.69,6000.0
2358,2019-06-25,봄,경북,문경시,문경시,1355.59,836.08,318.0,270000.0,0.0,-0.05,-0.78,-0.85,6000.0
2359,2019-06-26,봄,경북,문경시,문경시,1354.77,835.24,318.0,270000.0,0.0,-0.15,-0.81,-0.92,6000.0
2360,2019-06-27,봄,경북,문경시,문경시,1353.59,834.98,318.0,270000.0,0.0,-0.14,-0.76,-0.79,6500.0
2361,2019-06-28,봄,경북,문경시,문경시,1352.64,834.06,318.0,270000.0,0.0,-0.78,-0.78,-0.83,7000.0
2362,2019-06-29,봄,경북,문경시,문경시,1351.5,832.98,318.0,270000.0,0.0,-0.73,-0.78,-0.87,7000.0
2363,2019-06-30,봄,경북,문경시,문경시,1351.04,832.72,318.0,270000.0,0.0,-0.64,-0.75,-0.85,7000.0
2364,2019-07-01,봄,경북,문경시,문경시,1349.79,832.14,318.0,270000.0,0.0,-0.77,-0.86,-0.95,7000.0
2365,2019-07-02,봄,경북,문경시,문경시,1348.39,831.74,318.0,270000.0,0.0,-0.85,-0.95,-1.08,7000.0
2366,2019-07-03,봄,경북,문경시,문경시,1347.56,830.77,318.0,270000.0,0.0,-0.94,-1.01,-1.13,7000.0
2367,2019-07-04,봄,경북,문경시,문경시,1345.99,830.64,318.0,270000.0,0.0,-1.06,-1.1,-1.16,6500.0
2368,2019-07-05,봄,경북,문경시,문경시,1344.35,829.68,318.0,270000.0,0.0,-1.13,-1.15,-1.22,6500.0
2369,2019-07-06,봄,경북,문경시,문경시,1342.77,828.55,318.0,270000.0,0.0,-1.22,-1.18,-1.28,6500.0
2370,2019-07-07,봄,경북,문경시,문경시,1341.87,828.89,318.0,270000.0,0.0,-1.68,-1.22,-1.24,6500.0
2371,2019-07-08,봄,경북,문경시,문경시,1341.19,828.61,318.0,270000.0,0.0,-2.45,-1.28,-1.37,6500.0
2372,2019-07-09,봄,경북,문경시,문경시,1339.82,827.29,318.0,270000.0,0.0,-2.39,-1.33,-1.44,7000.0
2373,2019-07-10,봄,경북,문경시,문경시,1338.96,826.61,318.0,270000.0,0.0,-2.39,-1.66,-1.3,7000.0
2374,2019-07-11,봄,경북,문경시,문경시,1338.67,826.63,318.0,270000.0,0.0,-2.03,-1.58,-1.18,8000.0
2375,2019-07-12,봄,경북,문경시,문경시,1338.3,825.91,318.0,270000.0,0.0,-1.84,-1.47,-1.1,8000.0
2376,2019-07-13,봄,경북,문경시,문경시,1338.17,826.13,318.0,270000.0,0.0,-1.88,-1.51,-0.59,8000.0
2377,2019-07-14,봄,경북,문경시,문경시,1337.88,825.81,318.0,270000.0,0.0,-1.93,-1.54,-0.66,8000.0
2378,2019-07-15,봄,경북,문경시,문경시,1338.3,825.95,318.0,270000.0,0.0,-1.73,-1.47,-0.6,7000.0
2379,2019-07-16,봄,경북,문경시,문경시,1338.09,825.65,318.0,270000.0,0.0,-1.85,-1.53,-0.74,7000.0
2380,2019-07-17,봄,경북,문경시,문경시,1337.7,825.19,318.0,270000.0,0.0,-1.67,-1.41,-0.6,7000.0
2381,2019-07-18,봄,경북,문경시,문경시,1337.54,824.95,318.0,270000.0,0.0,-1.7,-1.43,-1.27,7000.0
2382,2019-07-19,봄,경북,문경시,문경시,1337.29,825.16,318.0,270000.0,0.0,-1.56,-1.39,-1.18,7000.0
2383,2019-07-20,봄,경북,문경시,문경시,1336.91,825.31,318.0,270000.0,0.0,-1.67,-1.45,-1.35,7000.0
2384,2019-07-21,봄,경북,문경시,문경시,1336.61,825.15,318.0,270000.0,0.0,-1.3,-1.22,-1.03,7000.0
2385,2019-07-22,여름,강원,평창군,평창군,1371.57,836.22,1618.0,395453.0,0.0,-0.96,-0.91,-1.0,8000.0
2386,2019-07-23,여름,강원,평창군,평창군,1371.09,835.59,1618.0,395453.0,0.0,-1.02,-0.97,-1.1,7000.0
2387,2019-07-24,여름,강원,평창군,평창군,1370.97,835.26,1618.0,395453.0,0.0,-1.02,-1.02,-1.16,7000.0
2388,2019-07-25,여름,강원,평창군,평창군,1370.86,835.55,1618.0,395453.0,0.0,-1.19,-1.16,-1.33,7000.0
2389,2019-07-26,여름,강원,평창군,평창군,1370.61,835.95,1618.0,395453.0,0.0,-1.22,-1.23,-1.32,7000.0
2390,2019-07-27,여름,강원,평창군,평창군,1370.63,835.83,1618.0,395453.0,0.0,-0.88,-1.09,-1.03,7000.0
2391,2019-07-28,여름,강원,평창군,평창군,1370.17,834.19,1618.0,395453.0,0.0,-0.86,-1.07,-1.05,7000.0
2392,2019-07-29,여름,강원,평창군,평창군,1370.26,835.23,1618.0,395453.0,0.0,-0.79,-1.0,-1.0,7000.0
2393,2019-07-30,여름,강원,평창군,평창군,1370.31,834.86,1618.0,395453.0,0.0,-0.77,-0.98,-1.03,7000.0
2394,2019-07-31,여름,강원,평창군,평창군,1370.21,834.38,1618.0,395453.0,0.0,-0.73,-1.0,-1.08,7000.0
2395,2019-08-01,여름,강원,평창군,평창군,1370.48,834.8,1618.0,395453.0,0.0,-0.8,-1.06,-1.12,7500.0
2396,2019-08-02,여름,강원,평창군,평창군,1370.94,834.44,1618.0,395453.0,0.0,-0.75,-1.06,-1.21,8000.0
2397,2019-08-03,여름,강원,평창군,평창군,1371.01,834.11,1618.0,395453.0,0.0,-0.72,-1.07,-1.24,8000.0
2398,2019-08-04,여름,강원,평창군,평창군,1371.1,834.17,1618.0,395453.0,0.0,-0.72,-1.08,-1.22,8000.0
2399,2019-08-05,여름,강원,평창군,평창군,1370.83,834.33,1618.0,395453.0,0.0,-0.68,-1.11,-1.26,8000.0
2400,2019-08-06,여름,강원,평창군,평창군,1371.0,834.13,1618.0,395453.0,0.0,-0.63,-1.11,-1.28,8000.0
2401,2019-08-07,여름,강원,평창군,평창군,1370.49,834.24,1618.0,395453.0,0.0,-0.6,-1.12,-1.28,8000.0
2402,2019-08-08,여름,강원,평창군,평창군,1370.45,833.62,1618.0,395453.0,0.0,0.06,-0.61,-0.58,8500.0
2403,2019-08-09,여름,강원,평창군,평창군,1370.38,833.14,1618.0,395453.0,0.0,0.02,-0.62,-0.7,8500.0
2404,2019-08-10,여름,강원,평창군,평창군,1370.29,834.04,1618.0,395453.0,0.0,0.04,-0.65,-0.77,8500.0
2405,2019-08-11,여름,강원,평창군,평창군,1370.36,834.21,1618.0,395453.0,0.0,-0.17,-0.69,-0.79,8500.0
2406,2019-08-12,여름,강원,평창군,평창군,1369.89,834.15,1618.0,395453.0,0.0,-0.54,-0.7,-0.86,8000.0
2407,2019-08-13,여름,강원,평창군,평창군,1369.91,834.03,1618.0,395453.0,0.0,-0.48,-0.72,-0.91,8000.0
2408,2019-08-14,여름,강원,평창군,평창군,1369.84,834.36,1618.0,395453.0,0.0,-0.48,-0.72,-0.95,8000.0
2409,2019-08-15,여름,강원,평창군,평창군,1369.73,834.28,1618.0,395453.0,0.0,-0.46,-0.72,-0.96,8000.0
2410,2019-08-16,여름,강원,평창군,평창군,1369.56,833.79,1618.0,395453.0,0.0,0.12,-0.35,-0.43,9000.0
2411,2019-08-17,여름,강원,평창군,평창군,1369.59,833.68,1618.0,395453.0,0.0,0.15,-0.38,-0.54,9000.0
2412,2019-08-18,여름,강원,평창군,평창군,1369.72,833.6,1618.0,395453.0,0.0,0.14,-0.41,-0.63,9000.0
2413,2019-08-19,여름,강원,평창군,평창군,1369.41,833.3,1618.0,395453.0,0.0,0.12,-0.43,-0.7,8000.0
2414,2019-08-20,여름,강원,평창군,평창군,1369.41,833.41,1618.0,395453.0,0.0,0.06,-0.46,-0.76,8000.0
2415,2019-08-21,여름,강원,평창군,평창군,1369.07,833.33,1618.0,395453.0,0.0,-0.05,-0.49,-0.85,8000.0
2416,2019-08-22,여름,강원,평창군,평창군,1369.1,833.09,1618.0,395453.0,0.0,-0.17,-0.53,-0.93,8000.0
2417,2019-08-23,여름,강원,평창군,평창군,1369.26,832.77,1618.0,395453.0,0.0,-0.11,-0.54,-0.96,8000.0
2418,2019-08-24,여름,강원,평창군,평창군,1369.26,832.0,1618.0,395453.0,0.0,-0.16,-0.57,-0.97,8000.0
2419,2019-08-25,여름,강원,평창군,평창군,1369.28,830.6,1618.0,395453.0,0.0,-0.18,-0.63,-0.99,8000.0
2420,2019-08-26,여름,강원,평창군,평창군,1369.65,830.35,1618.0,395453.0,0.0,-0.28,-0.73,-1.09,9000.0
2421,2019-08-27,여름,강원,평창군,평창군,1369.92,831.04,1618.0,395453.0,0.0,-0.53,-0.77,-1.16,9000.0
2422,2019-08-28,여름,강원,평창군,평창군,1369.57,830.76,1618.0,395453.0,0.0,-0.51,-0.85,-1.3,9000.0
2423,2019-08-29,여름,강원,평창군,평창군,1369.83,831.2,1618.0,395453.0,0.0,-0.63,-0.9,-1.38,9000.0
2424,2019-08-30,여름,강원,평창군,평창군,1370.33,831.54,1618.0,395453.0,0.0,-0.66,-0.93,-1.4,9000.0
2425,2019-08-31,여름,강원,평창군,평창군,1370.39,831.05,1618.0,395453.0,0.0,-0.69,-0.95,-1.44,9000.0
2426,2019-09-01,여름,강원,평창군,평창군,1376.74,830.89,1618.0,395453.0,0.0,-0.71,-0.97,-1.23,9000.0
2427,2019-09-02,여름,강원,평창군,평창군,1380.05,830.53,1618.0,395453.0,0.0,-0.7,-0.98,-1.33,9000.0
2428,2019-09-03,여름,강원,평창군,평창군,1382.13,829.69,1618.0,395453.0,0.0,-0.73,-1.04,-1.41,11000.0
2429,2019-09-04,여름,강원,평창군,평창군,1384.06,829.59,1618.0,395453.0,0.0,-0.56,-0.98,-1.34,11000.0
2430,2019-09-05,여름,강원,평창군,평창군,1385.08,828.93,1618.0,395453.0,0.0,-0.49,-0.95,-1.33,12000.0
2431,2019-09-06,여름,강원,평창군,평창군,1385.9,828.97,1618.0,395453.0,0.0,-0.37,-0.87,-1.26,12000.0
2432,2019-09-07,여름,강원,평창군,평창군,1386.0,828.68,1618.0,395453.0,0.0,-0.38,-0.95,-1.31,12000.0
2433,2019-09-08,여름,강원,평창군,평창군,1386.79,828.1,1618.0,395453.0,0.0,-1.04,-1.35,-1.32,12000.0
2434,2019-09-09,여름,강원,평창군,평창군,1387.06,828.31,1618.0,395453.0,0.0,-1.08,-1.37,-1.37,13000.0
2435,2019-09-10,여름,강원,평창군,평창군,1387.55,828.68,1618.0,395453.0,0.0,-1.12,-1.42,-1.45,13000.0
2436,2019-09-11,여름,강원,평창군,평창군,1388.57,829.1,1618.0,395453.0,0.0,-1.08,-1.5,-1.54,13000.0
2437,2019-09-12,여름,강원,평창군,평창군,1389.63,828.48,1618.0,395453.0,0.0,-0.84,-1.37,-1.3,13000.0
2438,2019-09-13,여름,강원,평창군,평창군,1389.97,827.15,1618.0,395453.0,0.0,-0.76,-1.4,-1.31,13000.0
2439,2019-09-14,여름,강원,평창군,평창군,1389.87,827.27,1618.0,395453.0,0.0,-0.78,-1.39,-1.3,13000.0
2440,2019-09-15,여름,강원,평창군,평창군,1389.78,826.78,1618.0,395453.0,0.0,-0.82,-1.44,-1.38,13000.0
2441,2019-09-16,여름,강원,평창군,평창군,1390.87,826.81,1618.0,395453.0,0.0,-1.48,-1.54,-1.39,13000.0
2442,2019-09-17,여름,강원,평창군,평창군,1393.03,828.73,1618.0,395453.0,0.0,-1.47,-1.63,-1.46,13000.0
2443,2019-09-18,여름,강원,평창군,평창군,1394.83,828.49,1618.0,395453.0,0.0,-1.47,-1.64,-1.5,13000.0
2444,2019-09-19,여름,강원,평창군,평창군,1396.26,829.41,1618.0,395453.0,0.0,-1.38,-1.62,-1.46,13000.0
2445,2019-09-20,여름,강원,평창군,평창군,1397.25,831.67,1618.0,395453.0,0.0,-1.31,-1.61,-1.47,15000.0
2446,2019-09-21,여름,강원,평창군,평창군,1399.35,835.17,1618.0,395453.0,0.0,-1.29,-1.6,-1.51,15000.0
2447,2019-09-22,여름,강원,평창군,평창군,1400.08,834.62,1618.0,395453.0,0.0,-1.04,-1.52,-1.45,15000.0
2448,2019-09-23,여름,강원,평창군,평창군,1400.85,835.45,1618.0,395453.0,0.0,-0.22,-1.01,-0.72,18000.0
2449,2019-09-24,여름,강원,평창군,평창군,1402.28,836.27,1618.0,395453.0,0.0,-0.09,-0.96,-0.79,18000.0
2450,2019-09-25,여름,강원,평창군,평창군,1403.56,837.37,1618.0,395453.0,0.0,-0.04,-0.94,-0.88,16000.0
2451,2019-09-26,여름,강원,평창군,평창군,1404.95,837.44,1618.0,395453.0,0.0,0.03,-0.91,-0.95,17000.0
2452,2019-09-27,여름,강원,평창군,평창군,1405.24,838.64,1618.0,395453.0,0.0,0.06,-0.87,-0.99,17000.0
2453,2019-09-28,여름,강원,평창군,평창군,1405.94,838.9,1618.0,395453.0,0.0,0.15,-0.86,-1.02,17000.0
2454,2019-09-29,여름,강원,평창군,평창군,1406.0,838.35,1618.0,395453.0,0.0,0.2,-0.85,-1.06,17000.0
2455,2019-09-30,여름,강원,평창군,평창군,1406.5,838.45,1618.0,395453.0,0.0,0.21,-0.83,-1.06,18000.0
2456,2019-10-01,여름,강원,평창군,평창군,1407.31,839.9,1618.0,395453.0,276116.0,0.33,-0.79,-1.05,20000.0
2457,2019-10-02,여름,강원,평창군,평창군,1407.48,840.66,1618.0,395453.0,276116.0,0.36,-0.75,-1.07,20000.0
2458,2019-10-03,여름,강원,평창군,평창군,1407.91,840.23,1618.0,395453.0,276116.0,0.67,-0.52,-0.76,20000.0
2459,2019-10-04,여름,강원,평창군,평창군,1407.47,840.36,1618.0,395453.0,276116.0,1.07,-0.13,-0.16,22000.0
2460,2019-10-05,여름,강원,평창군,평창군,1407.76,838.23,1618.0,395453.0,276116.0,1.05,-0.1,-0.28,22000.0
2461,2019-10-06,여름,강원,평창군,평창군,1407.95,839.89,1618.0,395453.0,276116.0,0.97,-0.09,-0.37,22000.0
2462,2019-10-07,여름,강원,평창군,평창군,1407.83,840.68,1618.0,395453.0,276116.0,1.0,-0.08,-0.42,19000.0
2463,2019-10-08,여름,강원,평창군,평창군,1407.72,840.68,1618.0,395453.0,276116.0,1.01,-0.07,-0.47,18000.0
2464,2019-10-09,여름,강원,평창군,평창군,1407.32,840.71,1618.0,395453.0,276116.0,1.02,-0.09,-0.53,18000.0
2465,2019-10-10,여름,강원,평창군,평창군,1407.45,841.25,1618.0,395453.0,276116.0,1.05,-0.06,-0.57,16000.0
2466,2019-10-11,여름,강원,평창군,평창군,1407.77,840.62,1618.0,395453.0,276116.0,1.08,-0.14,-0.62,15000.0
2467,2019-10-12,여름,강원,평창군,평창군,1407.48,840.09,1618.0,395453.0,276116.0,1.03,-0.34,-0.67,15000.0
2468,2019-10-13,여름,강원,평창군,평창군,1407.44,839.71,1618.0,395453.0,276116.0,1.05,-0.31,-0.74,15000.0
2469,2019-10-14,여름,강원,평창군,평창군,1407.16,839.63,1618.0,395453.0,276116.0,1.09,-0.29,-0.74,15000.0
2470,2019-10-15,여름,강원,평창군,평창군,1406.77,839.44,1618.0,395453.0,276116.0,1.17,-0.24,-0.71,14000.0
2471,2019-10-16,여름,강원,평창군,평창군,1406.47,839.44,1618.0,395453.0,276116.0,1.24,-0.18,-0.72,15000.0
2472,2019-10-17,여름,강원,평창군,평창군,1406.42,837.65,1618.0,395453.0,276116.0,1.32,-0.14,-0.76,16000.0
2473,2019-10-18,여름,강원,평창군,평창군,1406.51,840.25,1618.0,395453.0,276116.0,1.3,-0.11,-0.76,16000.0
2474,2019-10-19,여름,강원,평창군,평창군,1405.96,839.82,1618.0,395453.0,276116.0,1.32,-0.09,-0.78,16000.0
2475,2019-10-20,여름,강원,평창군,평창군,1405.79,839.12,1618.0,395453.0,276116.0,1.34,-0.08,-0.8,16000.0
2476,2019-10-21,여름,강원,평창군,평창군,1405.77,839.25,1618.0,395453.0,276116.0,1.42,-0.12,-0.81,16000.0
2477,2019-10-22,가을,전남,해남군,해남군,1380.4,810.58,1941.0,1113300.0,276116.0,1.88,0.99,0.77,14000.0
2478,2019-10-23,가을,전남,해남군,해남군,1379.99,810.18,1941.0,1113300.0,276116.0,1.64,1.0,0.75,13000.0
2479,2019-10-24,가을,전남,해남군,해남군,1379.83,810.4,1941.0,1113300.0,276116.0,1.7,1.02,0.72,12000.0
2480,2019-10-25,가을,전남,해남군,해남군,1380.18,809.1,1941.0,1113300.0,276116.0,1.75,1.02,0.68,12000.0
2481,2019-10-26,가을,전남,해남군,해남군,1380.02,810.07,1941.0,1113300.0,276116.0,1.71,1.03,0.66,12000.0
2482,2019-10-27,가을,전남,해남군,해남군,1379.8,809.34,1941.0,1113300.0,276116.0,1.74,1.05,0.65,12000.0
2483,2019-10-28,가을,전남,해남군,해남군,1379.95,807.77,1941.0,1113300.0,276116.0,1.69,1.08,0.65,12000.0
2484,2019-10-29,가을,전남,해남군,해남군,1379.41,807.43,1941.0,1113300.0,276116.0,1.71,1.12,0.63,12000.0
2485,2019-10-30,가을,전남,해남군,해남군,1379.51,808.35,1941.0,1113300.0,276116.0,1.78,1.13,0.61,12000.0
2486,2019-10-31,가을,전남,해남군,해남군,1379.35,807.61,1941.0,1113300.0,276116.0,2.06,1.14,0.59,12000.0
2487,2019-11-01,가을,전남,해남군,해남군,1379.29,807.96,1941.0,1113300.0,135275.0,2.01,1.17,0.56,12000.0
2488,2019-11-02,가을,전남,해남군,해남군,1378.96,808.17,1941.0,1113300.0,135275.0,2.02,1.22,0.54,12000.0
2489,2019-11-03,가을,전남,해남군,해남군,1378.68,808.75,1941.0,1113300.0,135275.0,-0.76,1.25,0.53,12000.0
2490,2019-11-04,가을,전남,해남군,해남군,1378.63,808.21,1941.0,1113300.0,135275.0,-0.85,1.29,0.53,10000.0
2491,2019-11-05,가을,전남,해남군,해남군,1378.7,808.21,1941.0,1113300.0,135275.0,-0.83,1.28,0.52,10000.0
2492,2019-11-06,가을,전남,해남군,해남군,1378.38,808.29,1941.0,1113300.0,135275.0,-1.08,1.28,0.5,10000.0
2493,2019-11-07,가을,전남,해남군,해남군,1378.16,808.78,1941.0,1113300.0,135275.0,-1.01,1.28,0.46,9000.0
2494,2019-11-08,가을,전남,해남군,해남군,1377.93,808.42,1941.0,1113300.0,135275.0,-2.27,1.33,0.45,9000.0
2495,2019-11-09,가을,전남,해남군,해남군,1378.13,808.07,1941.0,1113300.0,135275.0,-2.27,1.32,0.44,9000.0
2496,2019-11-10,가을,전남,해남군,해남군,1377.76,808.1,1941.0,1113300.0,135275.0,-2.62,1.31,0.43,9000.0
2497,2019-11-11,가을,전남,해남군,해남군,1378.22,808.54,1941.0,1113300.0,135275.0,-2.09,1.32,0.45,9000.0
2498,2019-11-12,가을,전남,해남군,해남군,1377.53,807.6,1941.0,1113300.0,135275.0,-2.08,1.09,0.41,9000.0
2499,2019-11-13,가을,전남,해남군,해남군,1377.33,807.57,1941.0,1113300.0,135275.0,-1.87,0.86,0.41,9000.0
2500,2019-11-14,가을,전남,해남군,해남군,1377.73,807.66,1941.0,1113300.0,135275.0,-1.86,0.9,0.39,9000.0
2501,2019-11-15,가을,전남,해남군,해남군,1377.7,808.22,1941.0,1113300.0,135275.0,-1.64,0.93,0.38,10000.0
2502,2019-11-16,가을,전남,해남군,해남군,1377.38,807.6,1941.0,1113300.0,135275.0,-1.59,0.94,0.37,10000.0
2503,2019-11-17,가을,전남,해남군,해남군,1377.51,808.24,1941.0,1113300.0,135275.0,-1.74,0.99,0.35,10000.0
2504,2019-11-18,가을,전남,해남군,해남군,1377.3,808.02,1941.0,1113300.0,135275.0,-1.98,1.04,0.34,11000.0
2505,2019-11-19,가을,전남,해남군,해남군,1377.39,808.43,1941.0,1113300.0,135275.0,-1.47,1.13,0.44,11000.0
2506,2019-11-20,가을,전남,해남군,해남군,1377.1,806.73,1941.0,1113300.0,135275.0,-1.55,1.12,0.38,11000.0
2507,2019-11-21,가을,전남,해남군,해남군,1377.08,807.66,1941.0,1113300.0,135275.0,-1.58,1.14,0.37,11000.0
2508,2019-11-22,가을,전남,해남군,해남군,1377.25,806.73,1941.0,1113300.0,135275.0,-1.61,1.17,0.36,11000.0
2509,2019-11-23,가을,전남,해남군,해남군,1377.07,806.71,1941.0,1113300.0,135275.0,-1.59,1.16,0.33,11000.0
2510,2019-11-24,가을,전남,해남군,해남군,1376.95,807.02,1941.0,1113300.0,135275.0,-1.67,1.21,0.33,11000.0
2511,2019-11-25,가을,전남,해남군,해남군,1377.19,806.33,1941.0,1113300.0,135275.0,-1.57,1.27,0.33,10000.0
2512,2019-11-26,가을,전남,해남군,해남군,1376.77,805.58,1941.0,1113300.0,135275.0,-1.43,1.37,0.3,10000.0
2513,2019-11-27,가을,전남,해남군,해남군,1376.98,804.98,1941.0,1113300.0,135275.0,-1.43,1.43,0.29,9000.0
2514,2019-11-28,가을,전남,해남군,해남군,1377.06,805.55,1941.0,1113300.0,135275.0,-1.39,1.23,0.25,9000.0
2515,2019-11-29,가을,전남,해남군,해남군,1377.25,803.45,1941.0,1113300.0,135275.0,-1.35,1.37,0.25,9000.0
2516,2019-11-30,가을,전남,해남군,해남군,1376.76,803.03,1941.0,1113300.0,135275.0,-1.39,1.43,0.21,9000.0
2517,2019-12-01,가을,전남,해남군,해남군,1376.83,803.57,1941.0,1113300.0,0.0,-1.34,1.6,0.21,9000.0
2518,2019-12-02,가을,전남,해남군,해남군,1377.07,803.34,1941.0,1113300.0,0.0,-0.28,1.79,0.6,9000.0
2519,2019-12-03,가을,전남,해남군,해남군,1376.93,804.57,1941.0,1113300.0,0.0,-0.31,1.98,0.54,9000.0
2520,2019-12-04,가을,전남,해남군,해남군,1377.14,805.06,1941.0,1113300.0,0.0,-0.34,1.91,0.5,9000.0
2521,2019-12-05,가을,전남,해남군,해남군,1377.1,805.79,1941.0,1113300.0,0.0,-0.39,1.94,0.43,9000.0
2522,2019-12-06,가을,전남,해남군,해남군,1377.57,805.8,1941.0,1113300.0,0.0,-0.38,1.95,0.43,9000.0
2523,2019-12-07,가을,전남,해남군,해남군,1377.46,804.89,1941.0,1113300.0,0.0,-0.37,1.94,0.36,9000.0
2524,2019-12-08,가을,전남,해남군,해남군,1377.55,804.62,1941.0,1113300.0,0.0,-0.36,1.68,0.36,9000.0
2525,2019-12-09,가을,전남,해남군,해남군,1378.21,805.55,1941.0,1113300.0,0.0,-0.33,1.69,0.34,10000.0
2526,2019-12-10,가을,전남,해남군,해남군,1378.11,805.06,1941.0,1113300.0,0.0,-0.32,1.55,0.34,10000.0
2527,2019-12-11,가을,전남,해남군,해남군,1378.32,804.63,1941.0,1113300.0,0.0,-0.48,1.54,0.32,10000.0
2528,2019-12-12,가을,전남,해남군,해남군,1379.09,803.59,1941.0,1113300.0,0.0,-0.42,1.55,0.31,10000.0
2529,2019-12-13,가을,전남,해남군,해남군,1379.62,803.33,1941.0,1113300.0,0.0,-0.41,1.58,0.31,10000.0
2530,2019-12-14,가을,전남,해남군,해남군,1379.64,804.39,1941.0,1113300.0,0.0,-0.38,1.63,0.29,10000.0
2531,2019-12-15,가을,전남,해남군,해남군,1379.66,804.22,1941.0,1113300.0,0.0,-0.43,1.65,0.26,10000.0
2532,2019-12-16,가을,전남,해남군,해남군,1380.22,804.38,1941.0,1113300.0,0.0,-0.35,1.77,0.27,10000.0
2533,2019-12-17,가을,전남,해남군,해남군,1380.58,803.59,1941.0,1113300.0,0.0,-0.34,1.85,0.27,10000.0
2534,2019-12-18,가을,전남,해남군,해남군,1380.72,803.77,1941.0,1113300.0,0.0,-0.2,1.99,0.31,10000.0
2535,2019-12-19,가을,전남,해남군,해남군,1381.16,804.19,1941.0,1113300.0,0.0,-0.44,2.0,0.28,10000.0
2536,2019-12-20,가을,전남,해남군,해남군,1381.68,804.35,1941.0,1113300.0,0.0,-0.4,2.03,0.28,10000.0
2537,2019-12-21,가을,전남,해남군,해남군,1382.52,804.05,1941.0,1113300.0,0.0,-0.38,2.13,0.27,10000.0
2538,2019-12-22,가을,전남,해남군,해남군,1382.29,804.3,1941.0,1113300.0,0.0,-0.42,1.75,0.26,10000.0
2539,2019-12-23,가을,전남,해남군,해남군,1382.81,804.34,1941.0,1113300.0,0.0,-0.38,1.3,0.25,10000.0
2540,2019-12-24,가을,전남,해남군,해남군,1383.03,803.56,1941.0,1113300.0,0.0,-0.32,1.34,0.25,9000.0
2541,2019-12-25,가을,전남,해남군,해남군,1383.0,803.45,1941.0,1113300.0,0.0,-0.36,1.4,0.25,9000.0
2542,2019-12-26,가을,전남,해남군,해남군,1383.57,803.8,1941.0,1113300.0,0.0,-0.36,1.4,0.25,9000.0
2543,2019-12-27,가을,전남,해남군,해남군,1384.23,803.7,1941.0,1113300.0,0.0,-0.31,1.39,0.26,10000.0
2544,2019-12-28,가을,전남,해남군,해남군,1384.95,803.47,1941.0,1113300.0,0.0,-0.22,1.41,0.24,10000.0
2545,2019-12-29,가을,전남,해남군,해남군,1385.09,803.16,1941.0,1113300.0,0.0,-0.18,1.42,0.24,10000.0
2546,2019-12-30,가을,전남,해남군,해남군,1385.78,803.26,1941.0,1113300.0,0.0,-0.12,1.49,0.24,10000.0
2547,2019-12-31,가을,전남,해남군,해남군,1386.32,804.94,1941.0,1113300.0,0.0,0.49,1.82,0.46,11000.0
2548,2020-01-01,가을,전남,해남군,해남군,1387.64,806.52,2488.0,1339700.0,0.0,0.46,1.82,0.44,11000.0
2549,2020-01-02,겨울,전남,해남군,해남군,1388.14,806.71,2400.0,323100.0,0.0,-0.49,1.63,0.41,12000.0
2550,2020-01-03,겨울,전남,해남군,해남군,1388.73,806.98,2400.0,323100.0,0.0,-0.5,-1.24,0.38,11000.0
2551,2020-01-04,겨울,전남,해남군,해남군,1389.72,806.21,2400.0,323100.0,0.0,-0.43,-1.27,0.36,11000.0
2552,2020-01-05,겨울,전남,해남군,해남군,1389.67,805.78,2400.0,323100.0,0.0,-0.38,-1.27,0.34,11000.0
2553,2020-01-06,겨울,전남,해남군,해남군,1390.54,805.78,2400.0,323100.0,0.0,-0.38,-1.31,0.33,11000.0
2554,2020-01-07,겨울,전남,해남군,해남군,1391.5,806.91,2400.0,323100.0,0.0,0.52,-0.84,0.69,11000.0
2555,2020-01-08,겨울,전남,해남군,해남군,1392.6,808.19,2400.0,323100.0,0.0,1.13,-0.63,1.09,11000.0
2556,2020-01-09,겨울,전남,해남군,해남군,1393.48,808.41,2400.0,323100.0,0.0,1.19,-0.63,0.98,10000.0
2557,2020-01-10,겨울,전남,해남군,해남군,1394.13,807.83,2400.0,323100.0,0.0,1.24,-0.64,0.91,10000.0
2558,2020-01-11,겨울,전남,해남군,해남군,1394.74,808.59,2400.0,323100.0,0.0,1.24,-0.65,0.88,10000.0
2559,2020-01-12,겨울,전남,해남군,해남군,1394.49,811.1,2400.0,323100.0,0.0,1.2,-0.62,0.83,10000.0
2560,2020-01-13,겨울,전남,해남군,해남군,1394.98,810.68,2400.0,323100.0,0.0,1.2,-0.59,0.78,10000.0
2561,2020-01-14,겨울,전남,해남군,해남군,1395.17,810.4,2400.0,323100.0,0.0,1.19,-0.59,0.76,10000.0
2562,2020-01-15,겨울,전남,해남군,해남군,1395.47,810.79,2400.0,323100.0,0.0,1.28,-0.56,0.75,10000.0
2563,2020-01-16,겨울,전남,해남군,해남군,1396.11,812.11,2400.0,323100.0,0.0,1.27,-0.56,0.74,10000.0
2564,2020-01-17,겨울,전남,해남군,해남군,1395.68,813.05,2400.0,323100.0,0.0,1.25,-0.59,0.67,10000.0
2565,2020-01-18,겨울,전남,해남군,해남군,1395.85,812.87,2400.0,323100.0,0.0,1.2,-0.6,0.63,10000.0
2566,2020-01-19,겨울,전남,해남군,해남군,1395.79,812.56,2400.0,323100.0,0.0,1.19,-0.66,0.62,10000.0
2567,2020-01-20,겨울,전남,해남군,해남군,1396.25,812.91,2400.0,323100.0,0.0,1.22,-0.68,0.61,10000.0
2568,2020-01-21,겨울,전남,해남군,해남군,1396.05,812.93,2400.0,323100.0,0.0,1.16,-0.71,0.57,10000.0
2569,2020-01-22,겨울,전남,해남군,해남군,1395.78,814.56,2400.0,323100.0,0.0,1.23,-0.73,0.54,10000.0
2570,2020-01-23,겨울,전남,해남군,해남군,1395.91,814.55,2400.0,323100.0,0.0,1.58,-0.37,0.84,10000.0
2571,2020-01-24,겨울,전남,해남군,해남군,1395.88,815.35,2400.0,323100.0,0.0,1.47,-0.38,0.71,10000.0
2572,2020-01-25,겨울,전남,해남군,해남군,1395.79,815.43,2400.0,323100.0,0.0,1.46,-0.36,0.68,10000.0
2573,2020-01-26,겨울,전남,해남군,해남군,1395.74,814.92,2400.0,323100.0,0.0,1.49,-0.34,0.68,10000.0
2574,2020-01-27,겨울,전남,해남군,해남군,1395.47,814.12,2400.0,323100.0,0.0,1.47,-0.31,0.66,10000.0
2575,2020-01-28,겨울,전남,해남군,해남군,1395.07,813.72,2400.0,323100.0,0.0,2.11,0.38,1.37,10000.0
2576,2020-01-29,겨울,전남,해남군,해남군,1395.09,813.17,2400.0,323100.0,0.0,2.09,0.37,1.25,10000.0
2577,2020-01-30,겨울,전남,해남군,해남군,1395.15,812.89,2400.0,323100.0,0.0,1.78,0.36,1.2,10000.0
2578,2020-01-31,겨울,전남,해남군,해남군,1394.27,812.89,2400.0,323100.0,0.0,1.83,0.38,1.18,10000.0
2579,2020-02-01,겨울,전남,해남군,해남군,1393.61,810.95,2400.0,323100.0,0.0,1.85,0.4,1.14,10000.0
2580,2020-02-02,겨울,전남,해남군,해남군,1393.39,812.33,2400.0,323100.0,0.0,1.82,0.41,1.12,10000.0
2581,2020-02-03,겨울,전남,해남군,해남군,1393.07,812.09,2400.0,323100.0,0.0,1.82,0.4,1.07,10000.0
2582,2020-02-04,겨울,전남,해남군,해남군,1391.97,812.15,2400.0,323100.0,0.0,1.74,0.39,1.04,10000.0
2583,2020-02-05,겨울,전남,해남군,해남군,1391.02,811.07,2400.0,323100.0,0.0,1.75,0.4,1.03,10000.0
2584,2020-02-06,겨울,전남,해남군,해남군,1389.93,810.7,2400.0,323100.0,0.0,1.69,0.47,1.02,10000.0
2585,2020-02-07,겨울,전남,해남군,해남군,1388.97,811.18,2400.0,323100.0,0.0,1.33,0.51,1.01,10000.0
2586,2020-02-08,겨울,전남,해남군,해남군,1387.89,810.75,2400.0,323100.0,0.0,0.73,0.54,1.0,10000.0
2587,2020-02-09,겨울,전남,해남군,해남군,1387.72,810.35,2400.0,323100.0,0.0,0.69,0.54,0.91,10000.0
2588,2020-02-10,겨울,전남,해남군,해남군,1386.67,810.24,2400.0,323100.0,0.0,0.63,0.54,0.88,10000.0
2589,2020-02-11,겨울,전남,해남군,해남군,1385.57,809.97,2400.0,323100.0,0.0,0.56,0.47,0.81,10000.0
2590,2020-02-12,겨울,전남,해남군,해남군,1383.79,809.51,2400.0,323100.0,0.0,0.55,0.48,0.74,10000.0
2591,2020-02-13,겨울,전남,해남군,해남군,1381.95,808.68,2400.0,323100.0,0.0,0.82,0.67,1.01,10000.0
2592,2020-02-14,겨울,전남,해남군,해남군,1379.27,807.18,2400.0,323100.0,0.0,0.81,0.69,0.95,10000.0
2593,2020-02-15,겨울,전남,해남군,해남군,1377.15,805.92,2400.0,323100.0,0.0,0.77,0.69,0.91,10000.0
2594,2020-02-16,겨울,전남,해남군,해남군,1375.92,805.92,2400.0,323100.0,0.0,0.78,0.71,0.93,10000.0
2595,2020-02-17,겨울,전남,해남군,해남군,1374.91,804.62,2400.0,323100.0,0.0,0.89,0.79,1.04,10000.0
2596,2020-02-18,겨울,전남,해남군,해남군,1372.44,803.63,2400.0,323100.0,0.0,0.92,0.81,0.98,10000.0
2597,2020-02-19,겨울,전남,해남군,해남군,1370.63,801.7,2400.0,323100.0,0.0,0.87,0.74,0.86,10000.0
2598,2020-02-20,겨울,전남,해남군,해남군,1369.13,800.86,2400.0,323100.0,0.0,0.84,0.76,0.81,10000.0
2599,2020-02-21,겨울,전남,해남군,해남군,1368.17,800.2,2400.0,323100.0,0.0,0.85,0.75,0.81,10000.0
2600,2020-02-22,겨울,전남,해남군,해남군,1366.72,798.63,2400.0,323100.0,0.0,0.91,0.82,0.86,10000.0
2601,2020-02-23,겨울,전남,해남군,해남군,1366.46,799.26,2400.0,323100.0,0.0,0.49,0.78,0.73,10000.0
2602,2020-02-24,겨울,전남,해남군,해남군,1365.04,799.51,2400.0,323100.0,0.0,0.46,0.73,0.61,10000.0
2603,2020-02-25,겨울,전남,해남군,해남군,1363.5,798.54,2400.0,323100.0,0.0,0.47,0.77,0.61,11000.0
2604,2020-02-26,겨울,전남,해남군,해남군,1362.29,797.34,2400.0,323100.0,0.0,0.47,0.82,0.58,11000.0
2605,2020-02-27,겨울,전남,해남군,해남군,1360.76,794.61,2400.0,323100.0,0.0,0.44,0.83,0.57,10000.0
2606,2020-02-28,겨울,전남,해남군,해남군,1359.64,794.57,2400.0,323100.0,0.0,-0.51,0.78,0.51,10000.0
2607,2020-02-29,겨울,전남,해남군,해남군,1358.25,794.51,2400.0,323100.0,0.0,-0.56,0.8,0.51,10000.0
2608,2020-03-01,겨울,전남,해남군,해남군,1356.4,794.37,2400.0,323100.0,5.2,-0.49,0.87,0.54,10000.0
2609,2020-03-02,겨울,전남,해남군,해남군,1354.2,792.58,2400.0,323100.0,5.2,-0.49,0.39,0.49,10000.0
2610,2020-03-03,겨울,전남,해남군,해남군,1351.87,790.96,2400.0,323100.0,5.2,-0.5,0.38,0.46,10000.0
2611,2020-03-04,겨울,전남,해남군,해남군,1350.35,791.12,2400.0,323100.0,5.2,-0.46,0.38,0.43,10000.0
2612,2020-03-05,겨울,전남,해남군,해남군,1347.97,791.14,2400.0,323100.0,5.2,-0.55,0.37,0.29,10000.0
2613,2020-03-06,겨울,전남,해남군,해남군,1345.53,789.53,2400.0,323100.0,5.2,-0.6,0.32,0.29,10000.0
2614,2020-03-07,겨울,전남,해남군,해남군,1343.4,787.41,2400.0,323100.0,5.2,-0.63,0.33,0.21,10000.0
2615,2020-03-08,겨울,전남,해남군,해남군,1342.9,787.64,2400.0,323100.0,5.2,-0.69,0.32,0.18,10000.0
2616,2020-03-09,겨울,전남,해남군,해남군,1340.39,787.95,2400.0,323100.0,5.2,-0.7,0.31,0.17,10000.0
2617,2020-03-10,겨울,전남,해남군,해남군,1336.82,784.98,2400.0,323100.0,5.2,-0.34,0.47,0.48,10000.0
2618,2020-03-11,겨울,전남,해남군,해남군,1332.73,782.89,2400.0,323100.0,5.2,-0.15,0.58,0.59,10000.0
2619,2020-03-12,겨울,전남,해남군,해남군,1327.52,781.0,2400.0,323100.0,5.2,-0.2,0.58,0.49,10000.0
2620,2020-03-13,겨울,전남,해남군,해남군,1322.85,778.93,2400.0,323100.0,5.2,-0.55,0.58,0.48,10000.0
2621,2020-03-14,겨울,전남,해남군,해남군,1317.71,773.99,2400.0,323100.0,5.2,-0.61,0.56,0.42,10000.0
2622,2020-03-15,겨울,전남,해남군,해남군,1315.53,773.49,2400.0,323100.0,5.2,-0.64,0.55,0.33,10000.0
2623,2020-03-16,겨울,전남,해남군,해남군,1311.59,772.19,2400.0,323100.0,5.2,-0.78,0.46,0.19,10000.0
2624,2020-03-17,겨울,전남,해남군,해남군,1304.59,770.39,2400.0,323100.0,5.2,-1.08,0.4,0.08,10000.0
2625,2020-03-18,겨울,전남,해남군,해남군,1297.8,766.34,2400.0,323100.0,5.2,-1.2,0.31,0.04,10000.0
2626,2020-03-19,겨울,전남,해남군,해남군,1291.73,762.06,2400.0,323100.0,5.2,-1.32,0.24,-0.04,9000.0
2627,2020-03-20,겨울,전남,해남군,해남군,1285.5,758.12,2400.0,323100.0,5.2,-1.35,0.19,-0.12,9000.0
2628,2020-03-21,겨울,전남,해남군,해남군,1279.83,751.91,2400.0,323100.0,5.2,-1.43,0.16,-0.13,9000.0
2629,2020-03-22,겨울,전남,해남군,해남군,1277.1,748.65,2400.0,323100.0,5.2,-1.57,0.14,-0.23,9000.0
2630,2020-03-23,겨울,전남,해남군,해남군,1271.98,746.19,2400.0,323100.0,5.2,-1.42,0.1,-0.26,9000.0
2631,2020-03-24,겨울,전남,해남군,해남군,1262.21,742.22,2400.0,323100.0,5.2,-1.34,0.06,-0.34,9000.0
2632,2020-03-25,겨울,전남,해남군,해남군,1256.1,736.51,2400.0,323100.0,5.2,-1.39,0.02,0.43,9000.0
2633,2020-03-26,겨울,전남,해남군,해남군,1250.92,734.77,2400.0,323100.0,5.2,-1.59,-0.01,-0.45,9000.0
2634,2020-03-27,겨울,전남,해남군,해남군,1245.02,731.48,2400.0,323100.0,5.2,-1.09,0.15,-0.09,9000.0
2635,2020-03-28,겨울,전남,해남군,해남군,1240.51,728.12,2400.0,323100.0,5.2,-1.0,0.16,-0.14,9000.0
2636,2020-03-29,겨울,전남,해남군,해남군,1238.66,726.28,2400.0,323100.0,5.2,-1.06,0.15,-0.16,9000.0
2637,2020-03-30,겨울,전남,해남군,해남군,1233.42,725.42,2400.0,323100.0,5.2,-1.17,-0.12,-0.2,10000.0
2638,2020-03-31,겨울,전남,해남군,해남군,1227.59,719.07,2400.0,323100.0,5.2,-1.2,-0.15,-0.24,10000.0
2639,2020-04-01,겨울,전남,해남군,해남군,1218.6,715.13,2400.0,323100.0,24.0,-1.22,-0.16,-0.25,10000.0
2640,2020-04-02,겨울,전남,해남군,해남군,1212.07,709.72,2400.0,323100.0,24.0,-1.16,-0.16,-0.3,10000.0
2641,2020-04-03,겨울,전남,해남군,해남군,1206.56,704.1,2400.0,323100.0,24.0,-1.15,-0.19,-0.36,9000.0
2642,2020-04-04,겨울,전남,해남군,해남군,1202.64,695.88,2400.0,323100.0,24.0,-1.13,-0.2,-0.38,9000.0
2643,2020-04-05,겨울,전남,해남군,해남군,1200.85,694.2,2400.0,323100.0,24.0,-1.22,-0.25,-0.44,9000.0
2644,2020-04-06,겨울,전남,해남군,해남군,1197.6,695.48,2400.0,323100.0,24.0,-1.21,-0.3,-0.44,9000.0
2645,2020-04-07,겨울,전남,해남군,해남군,1190.85,691.74,2400.0,323100.0,24.0,-1.15,-0.68,-0.52,9000.0
2646,2020-04-08,겨울,전남,해남군,해남군,1183.54,687.1,2400.0,323100.0,24.0,-1.35,-1.13,-0.54,9000.0
2647,2020-04-09,겨울,전남,해남군,해남군,1179.32,682.56,2400.0,323100.0,24.0,-1.36,-1.13,-0.53,9000.0
2648,2020-04-10,겨울,전남,해남군,해남군,1175.52,678.64,2400.0,323100.0,24.0,-1.82,-1.23,-0.68,9000.0
2649,2020-04-11,겨울,전남,해남군,해남군,1171.77,672.78,2400.0,323100.0,24.0,-2.2,-1.26,-0.72,9000.0
2650,2020-04-12,겨울,전남,해남군,해남군,1170.48,667.9,2400.0,323100.0,24.0,-1.64,-1.04,-0.36,9000.0
2651,2020-04-13,겨울,전남,해남군,해남군,1166.81,665.84,2400.0,323100.0,24.0,-1.18,-0.83,-0.16,9000.0
2652,2020-04-14,겨울,전남,해남군,해남군,1160.59,661.08,2400.0,323100.0,24.0,-1.2,-0.86,-0.23,9000.0
2653,2020-04-15,겨울,전남,해남군,해남군,1156.88,655.35,2400.0,323100.0,24.0,-1.22,-0.88,-0.3,9000.0
2654,2020-04-16,겨울,전남,해남군,해남군,1153.7,653.05,2400.0,323100.0,24.0,-1.17,-0.9,-0.35,9000.0
2655,2020-04-17,겨울,전남,해남군,해남군,1148.63,649.8,2400.0,323100.0,24.0,-1.15,-0.91,-0.37,9000.0
2656,2020-04-18,겨울,전남,해남군,해남군,1144.19,646.1,2400.0,323100.0,24.0,-0.54,-0.59,0.14,9000.0
2657,2020-04-19,겨울,전남,해남군,해남군,1141.41,643.71,2400.0,323100.0,24.0,-0.6,-0.7,-0.12,9000.0
2658,2020-04-20,겨울,전남,해남군,해남군,1138.04,642.31,2400.0,323100.0,24.0,-0.2,-0.46,0.25,9000.0
2659,2020-04-21,겨울,전남,해남군,해남군,1132.13,638.87,2400.0,323100.0,24.0,-0.25,-0.5,0.07,9000.0
2660,2020-04-22,겨울,전남,해남군,해남군,1127.15,635.45,2400.0,323100.0,24.0,-0.3,-0.56,-0.15,11000.0
2661,2020-04-23,겨울,전남,해남군,해남군,1123.76,630.53,2400.0,323100.0,24.0,-0.34,-0.78,-0.23,11000.0
2662,2020-04-24,겨울,전남,해남군,해남군,1119.12,624.48,2400.0,323100.0,24.0,-0.35,-0.79,-0.28,11000.0
2663,2020-04-25,겨울,전남,해남군,해남군,1115.88,619.36,2400.0,323100.0,24.0,-0.24,-0.8,-0.31,11000.0
2664,2020-04-26,겨울,전남,해남군,해남군,1113.94,616.8,2400.0,323100.0,24.0,-0.22,-0.8,-0.33,11000.0
2665,2020-04-27,겨울,전남,해남군,해남군,1111.13,615.5,2400.0,323100.0,24.0,-0.43,-0.87,-0.39,12000.0
2666,2020-04-28,겨울,전남,해남군,해남군,1105.61,609.17,2400.0,323100.0,24.0,-0.48,-1.33,-0.41,13000.0
2667,2020-04-29,겨울,전남,해남군,해남군,1100.66,605.99,2400.0,323100.0,24.0,-0.69,-1.44,-0.5,15000.0
2668,2020-04-30,겨울,전남,해남군,해남군,1096.26,601.32,2400.0,323100.0,24.0,-0.78,-1.5,-0.59,15000.0
2669,2020-05-01,겨울,전남,해남군,해남군,1092.95,598.82,2400.0,323100.0,0.0,-0.8,-1.52,-0.64,15000.0
2670,2020-05-02,겨울,전남,해남군,해남군,1091.52,596.71,2400.0,323100.0,0.0,-0.82,-1.52,-0.68,15000.0
2671,2020-05-03,겨울,전남,해남군,해남군,1090.3,597.72,2400.0,323100.0,0.0,-0.76,-1.5,-0.65,15000.0
2672,2020-05-04,겨울,전남,해남군,해남군,1088.75,594.88,2400.0,323100.0,0.0,0.27,-0.61,1.15,16000.0
2673,2020-05-05,겨울,전남,해남군,해남군,1085.23,590.73,2400.0,323100.0,0.0,0.27,-0.62,0.76,16000.0
2674,2020-05-06,봄,경북,문경시,문경시,1048.84,609.74,363.0,271700.0,0.0,-1.03,-0.82,-0.49,10000.0
2675,2020-05-07,봄,경북,문경시,문경시,1046.51,606.26,363.0,271700.0,0.0,-0.94,-0.87,-0.61,9000.0
2676,2020-05-08,봄,경북,문경시,문경시,1045.38,605.42,363.0,271700.0,0.0,-1.18,-0.92,-0.65,10000.0
2677,2020-05-09,봄,경북,문경시,문경시,1044.41,603.35,363.0,271700.0,0.0,-1.08,-0.85,-0.57,10000.0
2678,2020-05-10,봄,경북,문경시,문경시,1043.84,603.65,363.0,271700.0,0.0,-0.03,-0.2,0.41,10000.0
2679,2020-05-11,봄,경북,문경시,문경시,1042.82,602.47,363.0,271700.0,0.0,-0.04,-0.22,0.24,10000.0
2680,2020-05-12,봄,경북,문경시,문경시,1041.88,601.51,363.0,271700.0,0.0,-0.09,-0.26,0.07,10000.0
2681,2020-05-13,봄,경북,문경시,문경시,1041.06,600.25,363.0,271700.0,0.0,-0.12,-0.59,-0.04,9000.0
2682,2020-05-14,봄,경북,문경시,문경시,1040.85,596.21,363.0,271700.0,0.0,-0.22,-0.68,-0.28,9000.0
2683,2020-05-15,봄,경북,문경시,문경시,1040.55,595.98,363.0,271700.0,0.0,-0.23,-0.72,-0.32,9000.0
2684,2020-05-16,봄,경북,문경시,문경시,1040.46,594.2,363.0,271700.0,0.0,0.41,-0.17,0.68,9000.0
2685,2020-05-17,봄,경북,문경시,문경시,1040.17,592.67,363.0,271700.0,0.0,0.4,-0.24,0.44,9000.0
2686,2020-05-18,봄,경북,문경시,문경시,1040.1,591.8,363.0,271700.0,0.0,0.26,-0.27,0.33,9000.0
2687,2020-05-19,봄,경북,문경시,문경시,1040.33,591.21,363.0,271700.0,0.0,0.57,-0.02,0.81,10000.0
2688,2020-05-20,봄,경북,문경시,문경시,1040.25,589.61,363.0,271700.0,0.0,0.4,0.0,0.78,10000.0
2689,2020-05-21,봄,경북,문경시,문경시,1041.66,589.19,363.0,271700.0,0.0,0.4,-0.02,0.67,11000.0
2690,2020-05-22,봄,경북,문경시,문경시,1042.8,588.47,363.0,271700.0,0.0,0.43,-0.04,0.53,11000.0
2691,2020-05-23,봄,경북,문경시,문경시,1043.5,588.24,363.0,271700.0,0.0,0.44,-0.07,0.45,11000.0
2692,2020-05-24,봄,경북,문경시,문경시,1043.7,588.04,363.0,271700.0,0.0,0.47,-0.07,0.39,11000.0
2693,2020-05-25,봄,경북,문경시,문경시,1045.12,587.83,363.0,271700.0,0.0,0.54,-0.05,0.36,10000.0
2694,2020-05-26,봄,경북,문경시,문경시,1047.07,588.42,363.0,271700.0,0.0,0.51,-0.53,0.26,10000.0
2695,2020-05-27,봄,경북,문경시,문경시,1049.23,589.19,363.0,271700.0,0.0,0.54,-0.57,0.18,10000.0
2696,2020-05-28,봄,경북,문경시,문경시,1051.45,589.08,363.0,271700.0,0.0,0.54,-0.59,0.18,10000.0
2697,2020-05-29,봄,경북,문경시,문경시,1052.54,588.53,363.0,271700.0,0.0,0.56,-0.63,0.14,10000.0
2698,2020-05-30,봄,경북,문경시,문경시,1054.39,589.63,363.0,271700.0,0.0,0.61,-0.63,0.14,10000.0
2699,2020-05-31,봄,경북,문경시,문경시,1054.98,590.38,363.0,271700.0,0.0,0.63,-0.64,0.07,10000.0
2700,2020-06-01,봄,경북,문경시,문경시,1057.96,590.8,363.0,271700.0,0.0,0.61,-0.66,0.06,9000.0
2701,2020-06-02,봄,경북,문경시,문경시,1059.96,592.04,363.0,271700.0,0.0,0.59,-0.68,-0.02,9000.0
2702,2020-06-03,봄,경북,문경시,문경시,1062.49,593.71,363.0,271700.0,0.0,0.56,-0.7,-0.13,9000.0
2703,2020-06-04,봄,경북,문경시,문경시,1065.55,594.78,363.0,271700.0,0.0,0.56,-0.69,-0.15,9000.0
2704,2020-06-05,봄,경북,문경시,문경시,1069.53,595.85,363.0,271700.0,0.0,0.55,-0.66,-0.13,8000.0
2705,2020-06-06,봄,경북,문경시,문경시,1074.26,596.95,363.0,271700.0,0.0,0.48,-0.66,-0.21,8000.0
2706,2020-06-07,봄,경북,문경시,문경시,1076.21,597.6,363.0,271700.0,0.0,0.53,-0.69,-0.2,8000.0
2707,2020-06-08,봄,경북,문경시,문경시,1080.41,598.7,363.0,271700.0,0.0,0.57,-0.74,-0.29,8000.0
2708,2020-06-09,봄,경북,문경시,문경시,1086.6,600.75,363.0,271700.0,0.0,0.45,-0.79,-0.38,8000.0
2709,2020-06-10,봄,경북,문경시,문경시,1091.9,603.89,363.0,271700.0,0.0,-0.29,-0.82,-0.42,8000.0
2710,2020-06-11,봄,경북,문경시,문경시,1096.15,605.06,363.0,271700.0,0.0,0.0,-0.75,-0.06,8000.0
2711,2020-06-12,봄,경북,문경시,문경시,1100.33,607.5,363.0,271700.0,0.0,0.32,-0.57,0.27,8000.0
2712,2020-06-13,봄,경북,문경시,문경시,1103.29,607.57,363.0,271700.0,0.0,0.41,-0.55,0.23,8000.0
2713,2020-06-14,봄,경북,문경시,문경시,1104.48,608.82,363.0,271700.0,0.0,0.58,-0.5,0.25,8000.0
2714,2020-06-15,봄,경북,문경시,문경시,1107.08,609.51,363.0,271700.0,0.0,0.67,-0.44,0.21,9000.0
2715,2020-06-16,봄,경북,문경시,문경시,1110.58,611.14,363.0,271700.0,0.0,0.04,-0.43,0.19,9000.0
2716,2020-06-17,봄,경북,문경시,문경시,1113.68,612.69,363.0,271700.0,0.0,0.03,-0.44,0.05,9000.0
2717,2020-06-18,봄,경북,문경시,문경시,1116.1,613.65,363.0,271700.0,0.0,0.0,-0.47,-0.03,9000.0
2718,2020-06-19,봄,경북,문경시,문경시,1119.75,614.96,363.0,271700.0,0.0,-0.53,-0.59,-0.16,9000.0
2719,2020-06-20,봄,경북,문경시,문경시,1122.58,614.96,363.0,271700.0,0.0,-0.66,-0.66,-0.33,9000.0
2720,2020-06-21,봄,경북,문경시,문경시,1124.05,616.43,363.0,271700.0,0.0,-0.75,-0.71,-0.4,9000.0
2721,2020-06-22,봄,경북,문경시,문경시,1126.54,617.69,363.0,271700.0,0.0,-0.74,-0.72,-0.41,9000.0
2722,2020-06-23,봄,경북,문경시,문경시,1129.77,618.62,363.0,271700.0,0.0,-0.79,-0.76,-0.45,9000.0
2723,2020-06-24,봄,경북,문경시,문경시,1131.56,621.67,363.0,271700.0,0.0,-0.74,-0.79,-0.53,9600.0
2724,2020-06-25,봄,경북,문경시,문경시,1133.45,622.32,363.0,271700.0,0.0,-0.43,-0.59,-0.28,9600.0
2725,2020-06-26,봄,경북,문경시,문경시,1135.25,623.8,363.0,271700.0,0.0,-0.43,-0.6,-0.38,9600.0
2726,2020-06-27,봄,경북,문경시,문경시,1136.48,624.64,363.0,271700.0,0.0,-0.58,-0.67,-0.44,9600.0
2727,2020-06-28,봄,경북,문경시,문경시,1137.3,625.67,363.0,271700.0,0.0,-0.66,-0.77,-0.55,9600.0
2728,2020-06-29,봄,경북,문경시,문경시,1138.59,626.11,363.0,271700.0,0.0,-0.65,-0.8,-0.62,8400.0
2729,2020-06-30,봄,경북,문경시,문경시,1139.43,627.56,363.0,271700.0,0.0,0.11,-0.25,0.34,8400.0
2730,2020-07-01,봄,경북,문경시,문경시,1141.27,628.63,363.0,271700.0,0.0,0.36,-0.03,0.6,9000.0
2731,2020-07-02,봄,경북,문경시,문경시,1141.58,630.01,363.0,271700.0,0.0,0.29,-0.09,0.28,8000.0
2732,2020-07-03,봄,경북,문경시,문경시,1142.36,631.33,363.0,271700.0,0.0,0.25,-0.15,0.14,7000.0
2733,2020-07-04,봄,경북,문경시,문경시,1142.77,632.08,363.0,271700.0,0.0,0.14,-0.22,-0.02,7000.0
2734,2020-07-05,봄,경북,문경시,문경시,1142.98,631.77,363.0,271700.0,0.0,0.05,-0.29,-0.1,7000.0
2735,2020-07-06,봄,경북,문경시,문경시,1143.92,631.56,363.0,271700.0,0.0,0.01,-0.3,-0.17,7000.0
2736,2020-07-07,봄,경북,문경시,문경시,1144.66,632.42,363.0,271700.0,0.0,0.08,-0.23,-0.03,8000.0
2737,2020-07-08,봄,경북,문경시,문경시,1145.2,632.74,363.0,271700.0,0.0,0.1,-0.26,-0.15,8000.0
2738,2020-07-09,봄,경북,문경시,문경시,1145.35,632.84,363.0,271700.0,0.0,0.1,-0.3,-0.2,8000.0
2739,2020-07-10,봄,경북,문경시,문경시,1145.54,633.28,363.0,271700.0,0.0,0.02,-0.33,-0.32,8000.0
2740,2020-07-11,봄,경북,문경시,문경시,1145.78,634.04,363.0,271700.0,0.0,-0.11,-0.31,-0.33,8000.0
2741,2020-07-12,봄,경북,문경시,문경시,1145.94,633.94,363.0,271700.0,0.0,-0.4,-0.4,-0.53,8000.0
2742,2020-07-13,봄,경북,문경시,문경시,1146.01,634.15,363.0,271700.0,0.0,-0.33,-0.34,-0.44,10000.0
2743,2020-07-14,봄,경북,문경시,문경시,1146.41,634.65,363.0,271700.0,0.0,0.36,0.25,0.69,11000.0
2744,2020-07-15,봄,경북,문경시,문경시,1146.58,634.35,363.0,271700.0,0.0,0.33,0.26,0.51,11000.0
2745,2020-07-16,봄,경북,문경시,문경시,1146.73,634.73,363.0,271700.0,0.0,0.28,0.23,0.33,11000.0
2746,2020-07-17,봄,경북,문경시,문경시,1147.17,634.59,363.0,271700.0,0.0,0.19,0.16,0.07,11000.0
2747,2020-07-18,봄,경북,문경시,문경시,1147.1,634.9,363.0,271700.0,0.0,0.14,0.05,-0.06,11000.0
2748,2020-07-19,봄,경북,문경시,문경시,1146.93,635.75,363.0,271700.0,0.0,0.16,0.04,-0.1,11000.0
2749,2020-07-20,여름,강원,평창군,평창군,1171.05,631.92,1407.0,354656.0,0.0,-0.08,-0.69,-0.76,13000.0
2750,2020-07-21,여름,강원,평창군,평창군,1171.3,632.52,1407.0,354656.0,0.0,-0.01,-0.67,-0.74,14000.0
2751,2020-07-22,여름,강원,평창군,평창군,1171.17,633.56,1407.0,354656.0,0.0,-0.01,-0.66,-0.78,13000.0
2752,2020-07-23,여름,강원,평창군,평창군,1171.39,634.13,1407.0,354656.0,0.0,-0.07,-0.72,-0.87,12000.0
2753,2020-07-24,여름,강원,평창군,평창군,1171.86,634.24,1407.0,354656.0,0.0,0.23,-0.46,-0.47,12000.0
2754,2020-07-25,여름,강원,평창군,평창군,1171.93,635.5,1407.0,354656.0,0.0,0.93,0.19,0.56,12000.0
2755,2020-07-26,여름,강원,평창군,평창군,1172.03,635.71,1407.0,354656.0,0.0,1.18,0.37,0.64,12000.0
2756,2020-07-27,여름,강원,평창군,평창군,1172.12,635.87,1407.0,354656.0,0.0,1.13,0.32,0.35,13000.0
2757,2020-07-28,여름,강원,평창군,평창군,1172.26,634.37,1407.0,354656.0,0.0,1.05,0.26,0.16,13000.0
2758,2020-07-29,여름,강원,평창군,평창군,1172.41,635.72,1407.0,354656.0,0.0,1.03,0.26,0.11,13000.0
2759,2020-07-30,여름,강원,평창군,평창군,1172.55,635.72,1407.0,354656.0,0.0,1.11,0.35,0.2,12000.0
2760,2020-07-31,여름,강원,평창군,평창군,1172.47,634.43,1407.0,354656.0,0.0,0.56,0.38,0.21,12000.0
2761,2020-08-01,여름,강원,평창군,평창군,1173.1,633.19,1407.0,354656.0,500.0,0.54,0.36,0.17,12000.0
2762,2020-08-02,여름,강원,평창군,평창군,1173.38,634.75,1407.0,354656.0,500.0,0.56,0.36,0.11,12000.0
2763,2020-08-03,여름,강원,평창군,평창군,1173.36,634.4,1407.0,354656.0,500.0,0.58,0.34,0.02,13000.0
2764,2020-08-04,여름,강원,평창군,평창군,1173.27,632.56,1407.0,354656.0,500.0,0.69,0.41,0.12,13000.0
2765,2020-08-05,여름,강원,평창군,평창군,1173.3,632.38,1407.0,354656.0,500.0,0.77,0.43,0.16,11000.0
2766,2020-08-06,여름,강원,평창군,평창군,1173.06,632.76,1407.0,354656.0,500.0,0.85,0.47,0.21,11000.0
2767,2020-08-07,여름,강원,평창군,평창군,1173.23,633.75,1407.0,354656.0,500.0,1.0,0.58,0.39,14200.0
2768,2020-08-08,여름,강원,평창군,평창군,1173.62,633.75,1407.0,354656.0,500.0,0.99,0.57,0.24,14200.0
2769,2020-08-09,여름,강원,평창군,평창군,1173.66,632.08,1407.0,354656.0,500.0,1.02,0.59,0.24,14200.0
2770,2020-08-10,여름,강원,평창군,평창군,1173.61,631.73,1407.0,354656.0,500.0,1.06,0.49,0.22,15200.0
2771,2020-08-11,여름,강원,평창군,평창군,1173.63,631.91,1407.0,354656.0,500.0,1.01,0.46,0.1,17200.0
2772,2020-08-12,여름,강원,평창군,평창군,1173.71,631.62,1407.0,354656.0,500.0,1.13,0.56,0.26,18200.0
2773,2020-08-13,여름,강원,평창군,평창군,1173.74,631.97,1407.0,354656.0,500.0,1.17,0.54,0.2,19200.0
2774,2020-08-14,여름,강원,평창군,평창군,1173.78,633.31,1407.0,354656.0,500.0,0.99,0.57,0.17,19200.0
2775,2020-08-15,여름,강원,평창군,평창군,1174.11,632.89,1407.0,354656.0,500.0,0.89,0.56,0.15,19200.0
2776,2020-08-16,여름,강원,평창군,평창군,1174.1,633.72,1407.0,354656.0,500.0,1.24,0.74,0.63,19200.0
2777,2020-08-17,여름,강원,평창군,평창군,1174.1,633.02,1407.0,354656.0,500.0,1.25,0.72,0.48,19200.0
2778,2020-08-18,여름,강원,평창군,평창군,1173.71,633.99,1407.0,354656.0,500.0,1.27,0.68,0.37,19200.0
2779,2020-08-19,여름,강원,평창군,평창군,1173.88,635.21,1407.0,354656.0,500.0,1.22,0.56,0.26,19200.0
2780,2020-08-20,여름,강원,평창군,평창군,1173.92,636.37,1407.0,354656.0,500.0,1.17,0.41,0.1,19200.0
2781,2020-08-21,여름,강원,평창군,평창군,1174.13,635.25,1407.0,354656.0,500.0,1.14,0.38,0.04,19200.0
2782,2020-08-22,여름,강원,평창군,평창군,1174.14,636.77,1407.0,354656.0,500.0,1.07,0.34,-0.07,19200.0
2783,2020-08-23,여름,강원,평창군,평창군,1174.1,637.02,1407.0,354656.0,500.0,1.19,0.42,0.1,19200.0
2784,2020-08-24,여름,강원,평창군,평창군,1173.94,636.25,1407.0,354656.0,500.0,0.97,0.37,0.0,23200.0
2785,2020-08-25,여름,강원,평창군,평창군,1173.84,636.34,1407.0,354656.0,500.0,0.39,0.32,-0.07,23200.0
2786,2020-08-26,여름,강원,평창군,평창군,1173.9,636.22,1407.0,354656.0,500.0,0.08,0.27,-0.17,24200.0
2787,2020-08-27,여름,강원,평창군,평창군,1173.98,637.55,1407.0,354656.0,500.0,0.11,0.27,-0.17,25200.0
2788,2020-08-28,여름,강원,평창군,평창군,1173.69,636.92,1407.0,354656.0,500.0,0.1,0.21,-1.11,27200.0
2789,2020-08-29,여름,강원,평창군,평창군,1173.77,636.9,1407.0,354656.0,500.0,0.05,0.17,-1.17,27200.0
2790,2020-08-30,여름,강원,평창군,평창군,1174.12,636.04,1407.0,354656.0,500.0,-0.02,0.19,-1.13,27200.0
2791,2020-08-31,여름,강원,평창군,평창군,1173.94,636.37,1407.0,354656.0,500.0,-0.08,0.18,-1.16,23200.0
2792,2020-09-01,여름,강원,평창군,평창군,1174.14,637.32,1407.0,354656.0,231980.0,-0.1,0.12,-1.05,22200.0
2793,2020-09-02,여름,강원,평창군,평창군,1173.95,636.67,1407.0,354656.0,231980.0,-0.13,0.11,-1.13,19200.0
2794,2020-09-03,여름,강원,평창군,평창군,1173.91,636.68,1407.0,354656.0,231980.0,0.42,0.46,0.16,21200.0
2795,2020-09-04,여름,강원,평창군,평창군,1173.45,636.76,1407.0,354656.0,231980.0,0.78,0.78,0.72,25200.0
2796,2020-09-05,여름,강원,평창군,평창군,1173.56,637.15,1407.0,354656.0,231980.0,0.74,0.77,0.59,25200.0
2797,2020-09-06,여름,강원,평창군,평창군,1172.97,635.63,1407.0,354656.0,231980.0,0.67,0.76,0.5,25200.0
2798,2020-09-07,여름,강원,평창군,평창군,1172.78,636.52,1407.0,354656.0,231980.0,0.6,0.79,0.49,25200.0
2799,2020-09-08,여름,강원,평창군,평창군,1172.64,636.1,1407.0,354656.0,231980.0,1.13,1.15,1.34,24200.0
2800,2020-09-09,여름,강원,평창군,평창군,1172.24,635.9,1407.0,354656.0,231980.0,1.14,1.17,1.21,24200.0
2801,2020-09-10,여름,강원,평창군,평창군,1171.71,635.7,1407.0,354656.0,231980.0,1.16,1.19,1.16,24300.0
2802,2020-09-11,여름,강원,평창군,평창군,1171.17,635.9,1407.0,354656.0,231980.0,1.18,1.17,1.06,25300.0
2803,2020-09-12,여름,강원,평창군,평창군,1171.03,635.24,1407.0,354656.0,231980.0,1.01,1.12,0.81,25300.0
2804,2020-09-13,여름,강원,평창군,평창군,1171.15,634.98,1407.0,354656.0,231980.0,1.11,1.24,1.04,25300.0
2805,2020-09-14,여름,강원,평창군,평창군,1170.47,634.64,1407.0,354656.0,231980.0,1.1,1.23,0.86,28300.0
2806,2020-09-15,여름,강원,평창군,평창군,1170.17,636.24,1407.0,354656.0,231980.0,1.1,1.22,0.79,27300.0
2807,2020-09-16,여름,강원,평창군,평창군,1169.46,636.68,1407.0,354656.0,231980.0,0.82,1.19,0.71,28300.0
2808,2020-09-17,여름,강원,평창군,평창군,1168.72,636.27,1407.0,354656.0,231980.0,0.83,1.17,0.68,27300.0
2809,2020-09-18,여름,강원,평창군,평창군,1167.98,635.79,1407.0,354656.0,231980.0,0.85,1.16,0.64,28300.0
2810,2020-09-19,여름,강원,평창군,평창군,1167.54,634.72,1407.0,354656.0,231980.0,0.88,1.13,0.55,28300.0
2811,2020-09-20,여름,강원,평창군,평창군,1167.11,633.8,1407.0,354656.0,231980.0,0.93,1.14,0.51,28300.0
2812,2020-09-21,여름,강원,평창군,평창군,1166.25,631.41,1407.0,354656.0,231980.0,0.93,1.13,0.43,26300.0
2813,2020-09-22,여름,강원,평창군,평창군,1165.25,631.32,1407.0,354656.0,231980.0,0.95,1.13,0.36,26300.0
2814,2020-09-23,여름,강원,평창군,평창군,1163.99,629.52,1407.0,354656.0,231980.0,0.85,1.13,0.33,26300.0
2815,2020-09-24,여름,강원,평창군,평창군,1162.97,629.24,1407.0,354656.0,231980.0,0.93,1.17,0.36,26300.0
2816,2020-09-25,여름,강원,평창군,평창군,1162.26,627.87,1407.0,354656.0,231980.0,1.01,1.19,0.4,26300.0
2817,2020-09-26,여름,강원,평창군,평창군,1161.56,628.5,1407.0,354656.0,231980.0,1.23,1.31,0.67,26300.0
2818,2020-09-27,여름,강원,평창군,평창군,1161.42,628.52,1407.0,354656.0,231980.0,1.25,1.33,0.66,26300.0
2819,2020-09-28,여름,강원,평창군,평창군,1160.63,627.57,1407.0,354656.0,231980.0,1.23,1.32,0.54,28300.0
2820,2020-09-29,여름,강원,평창군,평창군,1159.9,625.79,1407.0,354656.0,231980.0,1.26,1.33,0.53,28300.0
2821,2020-09-30,여름,강원,평창군,평창군,1159.52,625.9,1407.0,354656.0,231980.0,1.23,1.32,0.49,28300.0
2822,2020-10-01,여름,강원,평창군,평창군,1159.14,626.78,1407.0,354656.0,303057.7,1.41,1.01,0.44,28300.0
2823,2020-10-02,여름,강원,평창군,평창군,1158.89,627.15,1407.0,354656.0,303057.7,1.45,1.01,0.41,28300.0
2824,2020-10-03,여름,강원,평창군,평창군,1159.01,626.09,1407.0,354656.0,303057.7,1.14,1.03,0.41,28300.0
2825,2020-10-04,여름,강원,평창군,평창군,1158.46,625.73,1407.0,354656.0,303057.7,0.77,1.06,0.42,28300.0
2826,2020-10-05,여름,강원,평창군,평창군,1157.63,627.97,1407.0,354656.0,303057.7,0.78,1.07,0.4,25300.0
2827,2020-10-06,여름,강원,평창군,평창군,1157.07,627.6,1407.0,354656.0,303057.7,0.78,1.08,0.34,23300.0
2828,2020-10-07,여름,강원,평창군,평창군,1156.08,628.06,1407.0,354656.0,303057.7,0.73,1.08,0.33,21300.0
2829,2020-10-08,여름,강원,평창군,평창군,1155.51,627.89,1407.0,354656.0,303057.7,0.03,1.11,0.32,21300.0
2830,2020-10-09,여름,강원,평창군,평창군,1155.16,628.42,1407.0,354656.0,303057.7,0.02,1.12,0.3,21300.0
2831,2020-10-10,여름,강원,평창군,평창군,1154.85,627.56,1407.0,354656.0,303057.7,0.0,1.13,0.28,21300.0
2832,2020-10-11,여름,강원,평창군,평창군,1154.93,627.32,1407.0,354656.0,303057.7,0.04,1.14,0.25,21300.0
2833,2020-10-12,여름,강원,평창군,평창군,1154.27,627.22,1407.0,354656.0,303057.7,0.08,1.16,0.21,16300.0
2834,2020-10-13,여름,강원,평창군,평창군,1153.58,626.5,1407.0,354656.0,303057.7,-0.32,1.18,0.14,15300.0
2835,2020-10-14,여름,강원,평창군,평창군,1153.29,625.69,1407.0,354656.0,303057.7,-0.33,1.04,0.1,13300.0
2836,2020-10-15,가을,전남,해남군,해남군,1140.43,599.25,2488.0,1339700.0,303057.7,-1.35,0.31,0.37,11000.0
2837,2020-10-16,가을,전남,해남군,해남군,1139.89,597.3,2488.0,1339700.0,303057.7,-1.27,0.36,0.37,10000.0
2838,2020-10-17,가을,전남,해남군,해남군,1139.49,597.66,2488.0,1339700.0,303057.7,-1.39,0.4,0.37,10000.0
2839,2020-10-18,가을,전남,해남군,해남군,1139.14,597.03,2488.0,1339700.0,303057.7,-1.56,0.41,0.38,10000.0
2840,2020-10-19,가을,전남,해남군,해남군,1138.56,598.12,2488.0,1339700.0,303057.7,-2.2,0.42,0.38,9000.0
2841,2020-10-20,가을,전남,해남군,해남군,1138.13,594.82,2488.0,1339700.0,303057.7,-2.2,0.44,0.38,9000.0
2842,2020-10-21,가을,전남,해남군,해남군,1137.61,594.68,2488.0,1339700.0,303057.7,-2.11,0.41,0.38,8500.0
2843,2020-10-22,가을,전남,해남군,해남군,1137.07,594.02,2488.0,1339700.0,303057.7,-0.32,0.5,0.7,7500.0
2844,2020-10-23,가을,전남,해남군,해남군,1136.47,593.37,2488.0,1339700.0,303057.7,-0.37,0.46,0.65,7500.0
2845,2020-10-24,가을,전남,해남군,해남군,1135.99,591.63,2488.0,1339700.0,303057.7,-0.35,0.3,0.62,7500.0
2846,2020-10-25,가을,전남,해남군,해남군,1135.96,591.14,2488.0,1339700.0,303057.7,-0.33,0.29,0.57,7500.0
2847,2020-10-26,가을,전남,해남군,해남군,1135.12,590.73,2488.0,1339700.0,303057.7,-0.29,0.3,0.55,7500.0
2848,2020-10-27,가을,전남,해남군,해남군,1134.66,590.63,2488.0,1339700.0,303057.7,-0.33,0.32,0.55,7500.0
2849,2020-10-28,가을,전남,해남군,해남군,1134.06,589.53,2488.0,1339700.0,303057.7,-0.3,0.26,0.54,7000.0
2850,2020-10-29,가을,전남,해남군,해남군,1133.56,589.67,2488.0,1339700.0,303057.7,-0.3,0.23,0.53,6000.0
2851,2020-10-30,가을,전남,해남군,해남군,1132.48,590.26,2488.0,1339700.0,303057.7,-0.32,0.23,0.51,6000.0
2852,2020-10-31,가을,전남,해남군,해남군,1132.23,589.19,2488.0,1339700.0,303057.7,-0.31,0.24,0.49,6000.0
2853,2020-11-01,가을,전남,해남군,해남군,1131.17,590.06,2488.0,1339700.0,1610.0,-0.34,0.26,0.47,6000.0
2854,2020-11-02,가을,전남,해남군,해남군,1130.15,589.2,2488.0,1339700.0,1610.0,-0.31,0.3,0.46,6000.0
2855,2020-11-03,가을,전남,해남군,해남군,1128.68,588.08,2488.0,1339700.0,1610.0,-0.16,0.35,0.47,6000.0
2856,2020-11-04,가을,전남,해남군,해남군,1127.57,586.61,2488.0,1339700.0,1610.0,-0.14,0.38,0.48,5000.0
2857,2020-11-05,가을,전남,해남군,해남군,1127.12,586.98,2488.0,1339700.0,1610.0,-0.13,0.4,0.47,5000.0
2858,2020-11-06,가을,전남,해남군,해남군,1126.48,585.68,2488.0,1339700.0,1610.0,-0.21,0.39,0.46,6000.0
2859,2020-11-07,가을,전남,해남군,해남군,1125.52,584.51,2488.0,1339700.0,1610.0,-0.15,0.38,0.42,6000.0
2860,2020-11-08,가을,전남,해남군,해남군,1125.16,584.31,2488.0,1339700.0,1610.0,-0.16,0.26,0.41,6000.0
2861,2020-11-09,가을,전남,해남군,해남군,1124.74,582.58,2488.0,1339700.0,1610.0,-0.15,0.19,0.4,6000.0
2862,2020-11-10,가을,전남,해남군,해남군,1124.17,582.64,2488.0,1339700.0,1610.0,-0.25,0.19,0.39,6000.0
2863,2020-11-11,가을,전남,해남군,해남군,1123.71,582.45,2488.0,1339700.0,1610.0,-0.38,0.23,0.35,6000.0
2864,2020-11-12,가을,전남,해남군,해남군,1123.18,581.77,2488.0,1339700.0,1610.0,-0.3,0.23,0.32,6000.0
2865,2020-11-13,가을,전남,해남군,해남군,1123.24,582.78,2488.0,1339700.0,1610.0,-0.23,0.25,0.33,7000.0
2866,2020-11-14,가을,전남,해남군,해남군,1122.89,582.82,2488.0,1339700.0,1610.0,-0.27,0.3,0.31,7000.0
2867,2020-11-15,가을,전남,해남군,해남군,1122.74,583.43,2488.0,1339700.0,1610.0,-0.28,0.32,0.3,7000.0
2868,2020-11-16,가을,전남,해남군,해남군,1122.44,583.22,2488.0,1339700.0,1610.0,-0.25,0.34,0.3,7000.0
2869,2020-11-17,가을,전남,해남군,해남군,1122.36,582.69,2488.0,1339700.0,1610.0,-0.26,0.39,0.29,8000.0
2870,2020-11-18,가을,전남,해남군,해남군,1121.96,581.08,2488.0,1339700.0,1610.0,-0.38,0.43,0.28,8000.0
2871,2020-11-19,가을,전남,해남군,해남군,1122.09,579.68,2488.0,1339700.0,1610.0,-0.44,0.47,0.27,8000.0
2872,2020-11-20,가을,전남,해남군,해남군,1121.85,579.14,2488.0,1339700.0,1610.0,-0.41,0.49,0.27,8000.0
2873,2020-11-21,가을,전남,해남군,해남군,1121.77,581.35,2488.0,1339700.0,1610.0,-0.42,0.52,0.27,8000.0
2874,2020-11-22,가을,전남,해남군,해남군,1121.5,581.11,2488.0,1339700.0,1610.0,-2.19,0.57,0.27,8000.0
2875,2020-11-23,가을,전남,해남군,해남군,1121.58,579.77,2488.0,1339700.0,1610.0,-2.01,0.61,0.26,7000.0
2876,2020-11-24,가을,전남,해남군,해남군,1121.56,580.5,2488.0,1339700.0,1610.0,-2.13,0.64,0.25,7000.0
2877,2020-11-25,가을,전남,해남군,해남군,1122.18,579.14,2488.0,1339700.0,1610.0,-2.05,0.69,0.25,7000.0
2878,2020-11-26,가을,전남,해남군,해남군,1122.1,578.64,2488.0,1339700.0,1610.0,-1.88,0.76,0.22,7000.0
2879,2020-11-27,가을,전남,해남군,해남군,1122.98,578.41,2488.0,1339700.0,1610.0,-1.89,0.37,0.22,6500.0
2880,2020-11-28,가을,전남,해남군,해남군,1123.27,581.13,2488.0,1339700.0,1610.0,-1.85,0.39,0.18,6500.0
2881,2020-11-29,가을,전남,해남군,해남군,1123.42,581.68,2488.0,1339700.0,1610.0,-1.8,0.48,0.18,6500.0
2882,2020-11-30,가을,전남,해남군,해남군,1124.3,581.32,2488.0,1339700.0,1610.0,-1.84,0.51,0.14,5500.0
2883,2020-12-01,가을,전남,해남군,해남군,1125.42,578.84,2488.0,1339700.0,105600.0,-1.79,0.65,0.14,5000.0
2884,2020-12-02,가을,전남,해남군,해남군,1126.26,578.62,2488.0,1339700.0,105600.0,-1.94,0.7,0.14,5000.0
2885,2020-12-03,가을,전남,해남군,해남군,1127.26,580.52,2488.0,1339700.0,105600.0,-2.14,-0.04,0.14,5000.0
2886,2020-12-04,가을,전남,해남군,해남군,1128.21,579.95,2488.0,1339700.0,105600.0,-2.27,-0.25,0.13,5000.0
2887,2020-12-05,가을,전남,해남군,해남군,1129.43,582.07,2488.0,1339700.0,105600.0,-2.27,-0.26,0.08,5000.0
2888,2020-12-06,가을,전남,해남군,해남군,1129.94,582.34,2488.0,1339700.0,105600.0,-2.37,-0.18,0.08,5000.0
2889,2020-12-07,가을,전남,해남군,해남군,1131.74,582.48,2488.0,1339700.0,105600.0,-2.34,-0.45,0.03,5000.0
2890,2020-12-08,가을,전남,해남군,해남군,1132.82,582.3,2488.0,1339700.0,105600.0,-2.33,-1.49,0.03,5000.0
2891,2020-12-09,가을,전남,해남군,해남군,1134.96,585.05,2488.0,1339700.0,105600.0,-2.29,-1.49,0.02,5000.0
2892,2020-12-10,가을,전남,해남군,해남군,1136.26,584.86,2488.0,1339700.0,105600.0,-2.3,-1.55,0.02,5000.0
2893,2020-12-11,가을,전남,해남군,해남군,1138.88,586.32,2488.0,1339700.0,105600.0,-2.31,-1.51,0.02,5000.0
2894,2020-12-12,가을,전남,해남군,해남군,1141.1,587.5,2488.0,1339700.0,105600.0,-2.18,-1.82,0.01,5000.0
2895,2020-12-13,가을,전남,해남군,해남군,1142.41,587.19,2488.0,1339700.0,105600.0,-2.19,-2.0,0.01,5000.0
2896,2020-12-14,가을,전남,해남군,해남군,1144.71,587.87,2488.0,1339700.0,105600.0,-2.16,-2.13,0.0,5000.0
2897,2020-12-15,가을,전남,해남군,해남군,1148.12,587.55,2488.0,1339700.0,105600.0,-2.25,-2.06,0.0,5000.0
2898,2020-12-16,가을,전남,해남군,해남군,1151.06,589.8,2488.0,1339700.0,105600.0,-2.08,-1.98,0.0,5000.0
2899,2020-12-17,가을,전남,해남군,해남군,1154.31,592.47,2488.0,1339700.0,105600.0,-2.1,-2.04,0.0,5000.0
2900,2020-12-18,가을,전남,해남군,해남군,1160.39,594.76,2488.0,1339700.0,105600.0,-2.01,-2.19,0.0,5000.0
2901,2020-12-19,가을,전남,해남군,해남군,1164.99,597.55,2488.0,1339700.0,105600.0,-2.08,-2.21,0.0,5000.0
2902,2020-12-20,가을,전남,해남군,해남군,1167.61,601.05,2488.0,1339700.0,105600.0,-2.65,-2.22,0.0,5000.0
2903,2020-12-21,가을,전남,해남군,해남군,1173.16,601.23,2488.0,1339700.0,105600.0,-2.59,-2.23,0.0,5000.0
2904,2020-12-22,가을,전남,해남군,해남군,1178.27,602.98,2488.0,1339700.0,105600.0,-2.71,-2.29,-0.01,4000.0
2905,2020-12-23,가을,전남,해남군,해남군,1182.61,606.08,2488.0,1339700.0,105600.0,-3.54,-2.33,-0.01,4000.0
2906,2020-12-24,가을,전남,해남군,해남군,1187.38,607.6,2488.0,1339700.0,105600.0,-3.32,-2.3,0.0,4000.0
2907,2020-12-25,가을,전남,해남군,해남군,1192.02,611.07,2488.0,1339700.0,105600.0,-3.57,-2.26,0.0,4000.0
2908,2020-12-26,가을,전남,해남군,해남군,1195.07,612.76,2488.0,1339700.0,105600.0,-3.79,-2.25,-0.01,4000.0
2909,2020-12-27,가을,전남,해남군,해남군,1196.84,615.35,2488.0,1339700.0,105600.0,-3.81,-2.24,-0.01,4000.0
2910,2020-12-28,가을,전남,해남군,해남군,1201.25,615.73,2488.0,1339700.0,105600.0,-1.46,-1.94,0.14,4000.0
2911,2020-12-29,가을,전남,해남군,해남군,1206.17,618.84,2488.0,1339700.0,105600.0,-1.39,-1.92,0.11,4000.0
2912,2020-12-30,가을,전남,해남군,해남군,1209.83,623.17,2488.0,1339700.0,105600.0,-0.96,-1.82,0.2,4000.0
2913,2020-12-31,가을,전남,해남군,해남군,1212.59,625.11,2488.0,1339700.0,105600.0,-0.87,-1.85,0.17,4000.0
